001010
110101
-1.06 

010100
101011
-1.06 

101011
010100
-1.06 

110101
001010
-1.06 

010010
101101
-1.05 

101101
010010
-1.05 

010101
011010
-0.75 

010101
101001
-0.75 

010110
101010
-0.75 

011010
010101
-0.75 

100101
101010
-0.75 

101001
010101
-0.75 

101010
010110
-0.75 

101010
100101
-0.75 

010001
101110
-0.66 

011101
100010
-0.66 

100010
011101
-0.66 

101110
010001
-0.66 

000101
111010
-0.64 

010111
101000
-0.64 

101000
010111
-0.64 

111010
000101
-0.64 

001001
110110
-0.57 

010101
100110
-0.57 

011001
101010
-0.57 

011011
100100
-0.57 

100100
011011
-0.57 

100110
010101
-0.57 

101010
011001
-0.57 

110110
001001
-0.57 

001101
101010
-0.54 

010011
101010
-0.54 

010101
101100
-0.54 

010101
110010
-0.54 

101010
001101
-0.54 

101010
010011
-0.54 

101100
010101
-0.54 

110010
010101
-0.54 

010110
100101
-0.51 

011010
101001
-0.51 

100101
010110
-0.51 

101001
011010
-0.51 

010110
011001
-0.41 

011001
010110
-0.41 

011001
100101
-0.41 

011010
100110
-0.41 

100101
011001
-0.41 

100110
011010
-0.41 

100110
101001
-0.41 

101001
100110
-0.41 

011110
100001
-0.39 

100001
011110
-0.39 

000110
111001
-0.36 

011000
100111
-0.36 

100111
011000
-0.36 

111001
000110
-0.36 

001100
110011
-0.33 

110011
001100
-0.33 

001110
101001
-0.29 

010110
110001
-0.29 

011010
100011
-0.29 

011100
100101
-0.29 

100011
011010
-0.29 

100101
011100
-0.29 

101001
001110
-0.29 

110001
010110
-0.29 

001011
101100
-0.25 

001011
110010
-0.25 

001101
110100
-0.25 

010011
110100
-0.25 

101100
001011
-0.25 

110010
001011
-0.25 

110100
001101
-0.25 

110100
010011
-0.25 

001101
110001
-0.22 

001110
110010
-0.22 

010011
011100
-0.22 

011100
010011
-0.22 

100011
101100
-0.22 

101100
100011
-0.22 

110001
001101
-0.22 

110010
001110
-0.22 

000011
111100
-0.2 

001111
110000
-0.2 

110000
001111
-0.2 

111100
000011
-0.2 

001010
101011
-0.19 

010100
110101
-0.19 

101011
001010
-0.19 

110101
010100
-0.19 

010101
010101
-0.18 

101010
101010
-0.18 

001001
101101
-0.17 

001010
101110
-0.17 

010001
110101
-0.17 

010010
011011
-0.17 

010010
110110
-0.17 

010100
011101
-0.17 

011011
010010
-0.17 

011101
010100
-0.17 

100010
101011
-0.17 

100100
101101
-0.17 

101011
100010
-0.17 

101101
001001
-0.17 

101101
100100
-0.17 

101110
001010
-0.17 

110101
010001
-0.17 

110110
010010
-0.17 

000101
110101
-0.16 

001010
011101
-0.16 

001010
111010
-0.16 

010001
101011
-0.16 

010100
010111
-0.16 

010100
101110
-0.16 

010111
010100
-0.16 

011101
001010
-0.16 

100010
110101
-0.16 

101000
101011
-0.16 

101011
010001
-0.16 

101011
101000
-0.16 

101110
010100
-0.16 

110101
000101
-0.16 

110101
100010
-0.16 

111010
001010
-0.16 

000010
111011
-0.15 

000100
111101
-0.15 

000111
110100
-0.15 

001000
101111
-0.15 

001011
111000
-0.15 

010000
110111
-0.15 

010001
011101
-0.15 

011101
010001
-0.15 

100010
101110
-0.15 

101110
100010
-0.15 

101111
001000
-0.15 

110100
000111
-0.15 

110111
010000
-0.15 

111000
001011
-0.15 

111011
000010
-0.15 

111101
000100
-0.15 

000100
110111
-0.14 

001000
111011
-0.14 

001100
101101
-0.14 

010010
011110
-0.14 

010010
110011
-0.14 

011110
010010
-0.14 

100001
101101
-0.14 

101101
001100
-0.14 

101101
100001
-0.14 

110011
010010
-0.14 

110111
000100
-0.14 

111011
001000
-0.14 

000001
111101
-0.13 

000010
111110
-0.13 

010000
011111
-0.13 

010110
010110
-0.13 

011010
011010
-0.13 

011111
010000
-0.13 

100000
101111
-0.13 

100101
100101
-0.13 

101001
101001
-0.13 

101111
100000
-0.13 

111101
000001
-0.13 

111110
000010
-0.13 

000000
111111
-0.12 

000110
101101
-0.12 

000110
110110
-0.12 

001001
111001
-0.12 

010010
100111
-0.12 

010010
111001
-0.12 

011000
011011
-0.12 

011000
101101
-0.12 

011011
011000
-0.12 

100100
100111
-0.12 

100111
010010
-0.12 

100111
100100
-0.12 

101101
000110
-0.12 

101101
011000
-0.12 

110110
000110
-0.12 

111001
001001
-0.12 

111001
010010
-0.12 

111111
000000
-0.12 

000101
101110
-0.1 

001001
110011
-0.1 

001100
011011
-0.1 

001100
110110
-0.1 

001101
010110
-0.1 

010001
111010
-0.1 

010011
100101
-0.1 

010110
001101
-0.1 

010111
100010
-0.1 

011010
101100
-0.1 

011011
001100
-0.1 

011101
101000
-0.1 

100010
010111
-0.1 

100100
110011
-0.1 

100101
010011
-0.1 

101000
011101
-0.1 

101001
110010
-0.1 

101100
011010
-0.1 

101110
000101
-0.1 

110010
101001
-0.1 

110011
001001
-0.1 

110011
100100
-0.1 

110110
001100
-0.1 

111010
010001
-0.1 

001001
011110
-0.09 

001101
100101
-0.09 

010011
010110
-0.09 

010110
010011
-0.09 

011001
011001
-0.09 

011010
110010
-0.09 

011011
100001
-0.09 

011110
001001
-0.09 

011110
100100
-0.09 

100001
011011
-0.09 

100001
110110
-0.09 

100100
011110
-0.09 

100101
001101
-0.09 

100110
100110
-0.09 

101001
101100
-0.09 

101100
101001
-0.09 

110010
011010
-0.09 

110110
100001
-0.09 

000110
110011
-0.08 

001011
011010
-0.08 

001011
101001
-0.08 

001100
100111
-0.08 

001100
111001
-0.08 

001110
010101
-0.08 

010101
001110
-0.08 

010101
100011
-0.08 

010110
110100
-0.08 

011000
110011
-0.08 

011010
001011
-0.08 

011100
101010
-0.08 

100011
010101
-0.08 

100101
110100
-0.08 

100111
001100
-0.08 

101001
001011
-0.08 

101010
011100
-0.08 

101010
110001
-0.08 

110001
101010
-0.08 

110011
000110
-0.08 

110011
011000
-0.08 

110100
010110
-0.08 

110100
100101
-0.08 

111001
001100
-0.08 

000011
110110
-0.07 

001001
111100
-0.07 

001011
100110
-0.07 

001101
011001
-0.07 

001110
011010
-0.07 

001111
100100
-0.07 

010011
011001
-0.07 

010110
011100
-0.07 

011001
001101
-0.07 

011001
010011
-0.07 

011001
110100
-0.07 

011010
001110
-0.07 

011011
110000
-0.07 

011100
010110
-0.07 

100011
101001
-0.07 

100100
001111
-0.07 

100101
110001
-0.07 

100110
001011
-0.07 

100110
101100
-0.07 

100110
110010
-0.07 

101001
100011
-0.07 

101100
100110
-0.07 

110000
011011
-0.07 

110001
100101
-0.07 

110010
100110
-0.07 

110100
011001
-0.07 

110110
000011
-0.07 

111100
001001
-0.07 

000011
111001
-0.06 

000110
111100
-0.06 

001110
100110
-0.06 

001111
011000
-0.06 

011000
001111
-0.06 

011001
011100
-0.06 

011001
110001
-0.06 

011100
011001
-0.06 

100011
100110
-0.06 

100110
001110
-0.06 

100110
100011
-0.06 

100111
110000
-0.06 

110000
100111
-0.06 

110001
011001
-0.06 

111001
000011
-0.06 

111100
000110
-0.06 

000111
101010
-0.05 

001101
011100
-0.05 

001110
101100
-0.05 

010011
110001
-0.05 

010101
111000
-0.05 

011100
001101
-0.05 

100011
110010
-0.05 

101010
000111
-0.05 

101100
001110
-0.05 

110001
010011
-0.05 

110010
100011
-0.05 

111000
010101
-0.05 

000101
101011
-0.04 

001010
010111
-0.04 

001110
100011
-0.04 

010100
111010
-0.04 

010111
001010
-0.04 

011100
110001
-0.04 

100011
001110
-0.04 

101000
110101
-0.04 

101011
000101
-0.04 

110001
011100
-0.04 

110101
101000
-0.04 

111010
010100
-0.04 

000101
011101
-0.03 

000110
011011
-0.03 

001001
011011
-0.03 

001001
100111
-0.03 

001011
010101
-0.03 

010001
010111
-0.03 

010101
001011
-0.03 

010111
010001
-0.03 

011000
110110
-0.03 

011011
000110
-0.03 

011011
001001
-0.03 

011101
000101
-0.03 

100010
111010
-0.03 

100100
110110
-0.03 

100100
111001
-0.03 

100111
001001
-0.03 

101000
101110
-0.03 

101010
110100
-0.03 

101110
101000
-0.03 

110100
101010
-0.03 

110110
011000
-0.03 

110110
100100
-0.03 

111001
100100
-0.03 

111010
100010
-0.03 

000001
110111
-0.02 

000010
101111
-0.02 

000011
101101
-0.02 

000100
011111
-0.02 

000110
011110
-0.02 

000111
011100
-0.02 

000111
110001
-0.02 

001000
111110
-0.02 

001100
011110
-0.02 

001101
010011
-0.02 

001110
111000
-0.02 

001111
010010
-0.02 

010000
111101
-0.02 

010010
001111
-0.02 

010010
111100
-0.02 

010011
001101
-0.02 

011000
011110
-0.02 

011100
000111
-0.02 

011110
000110
-0.02 

011110
001100
-0.02 

011110
011000
-0.02 

011111
000100
-0.02 

100000
111011
-0.02 

100001
100111
-0.02 

100001
110011
-0.02 

100001
111001
-0.02 

100011
111000
-0.02 

100111
100001
-0.02 

101100
110010
-0.02 

101101
000011
-0.02 

101101
110000
-0.02 

101111
000010
-0.02 

110000
101101
-0.02 

110001
000111
-0.02 

110010
101100
-0.02 

110011
100001
-0.02 

110111
000001
-0.02 

111000
001110
-0.02 

111000
100011
-0.02 

111001
100001
-0.02 

111011
100000
-0.02 

111100
010010
-0.02 

111101
010000
-0.02 

111110
001000
-0.02 

000011
011110
-0.01 

000011
110011
-0.01 

000110
100111
-0.01 

000111
010110
-0.01 

000111
011001
-0.01 

000111
100101
-0.01 

001011
001110
-0.01 

001011
100011
-0.01 

001100
001111
-0.01 

001100
111100
-0.01 

001101
001101
-0.01 

001110
001011
-0.01 

001110
001110
-0.01 

001111
001100
-0.01 

001111
100001
-0.01 

010011
010011
-0.01 

010110
000111
-0.01 

011000
111001
-0.01 

011001
000111
-0.01 

011010
111000
-0.01 

011100
011100
-0.01 

011100
110100
-0.01 

011110
000011
-0.01 

011110
110000
-0.01 

100001
001111
-0.01 

100001
111100
-0.01 

100011
001011
-0.01 

100011
100011
-0.01 

100101
000111
-0.01 

100110
111000
-0.01 

100111
000110
-0.01 

101001
111000
-0.01 

101100
101100
-0.01 

110000
011110
-0.01 

110000
110011
-0.01 

110001
110001
-0.01 

110001
110100
-0.01 

110010
110010
-0.01 

110011
000011
-0.01 

110011
110000
-0.01 

110100
011100
-0.01 

110100
110001
-0.01 

111000
011010
-0.01 

111000
100110
-0.01 

111000
101001
-0.01 

111001
011000
-0.01 

111100
001100
-0.01 

111100
100001
-0.01 

000001
101111
0.01 

000010
011111
0.01 

000011
011101
0.01 

000011
101011
0.01 

000101
100111
0.01 

000110
010111
0.01 

000111
010101
0.01 

000111
100110
0.01 

001010
001111
0.01 

001011
001101
0.01 

001011
010011
0.01 

001101
001011
0.01 

001111
001010
0.01 

001111
010001
0.01 

010000
111110
0.01 

010001
001111
0.01 

010011
001011
0.01 

010100
111100
0.01 

010101
000111
0.01 

010111
000110
0.01 

011000
111010
0.01 

011001
111000
0.01 

011101
000011
0.01 

011111
000010
0.01 

100000
111101
0.01 

100010
111100
0.01 

100110
000111
0.01 

100111
000101
0.01 

101000
111001
0.01 

101010
111000
0.01 

101011
000011
0.01 

101100
110100
0.01 

101110
110000
0.01 

101111
000001
0.01 

110000
101110
0.01 

110000
110101
0.01 

110010
110100
0.01 

110100
101100
0.01 

110100
110010
0.01 

110101
110000
0.01 

111000
011001
0.01 

111000
101010
0.01 

111001
101000
0.01 

111010
011000
0.01 

111100
010100
0.01 

111100
100010
0.01 

111101
100000
0.01 

111110
010000
0.01 

000101
011011
0.02 

000111
011010
0.02 

000111
101001
0.02 

001001
010111
0.02 

001101
001110
0.02 

001110
001101
0.02 

001110
011100
0.02 

010011
100011
0.02 

010110
111000
0.02 

010111
001001
0.02 

011010
000111
0.02 

011011
000101
0.02 

011100
001110
0.02 

011100
101100
0.02 

100011
010011
0.02 

100011
110001
0.02 

100100
111010
0.02 

100101
111000
0.02 

101000
110110
0.02 

101001
000111
0.02 

101100
011100
0.02 

110001
100011
0.02 

110001
110010
0.02 

110010
110001
0.02 

110110
101000
0.02 

111000
010110
0.02 

111000
100101
0.02 

111010
100100
0.02 

000011
101110
0.03 

001011
011001
0.03 

001101
100011
0.03 

001110
010011
0.03 

001111
100010
0.03 

010001
111100
0.03 

010011
001110
0.03 

011001
001011
0.03 

011100
110010
0.03 

011101
110000
0.03 

100010
001111
0.03 

100011
001101
0.03 

100110
110100
0.03 

101100
110001
0.03 

101110
000011
0.03 

110000
011101
0.03 

110001
101100
0.03 

110010
011100
0.03 

110100
100110
0.03 

111100
010001
0.03 

000101
011110
0.04 

001110
010110
0.04 

010110
001110
0.04 

010111
100001
0.04 

011010
011100
0.04 

011100
011010
0.04 

011110
000101
0.04 

011110
101000
0.04 

100001
010111
0.04 

100001
111010
0.04 

100011
100101
0.04 

100101
100011
0.04 

101000
011110
0.04 

101001
110001
0.04 

110001
101001
0.04 

111010
100001
0.04 

000001
111011
0.05 

000010
110111
0.05 

000011
110101
0.05 

000100
101111
0.05 

000100
111110
0.05 

000101
110011
0.05 

000110
011101
0.05 

000110
101110
0.05 

001000
011111
0.05 

001000
111101
0.05 

001010
111100
0.05 

001011
010110
0.05 

001011
100101
0.05 

001100
010111
0.05 

001100
011101
0.05 

001100
101110
0.05 

001100
111010
0.05 

001111
010100
0.05 

010000
111011
0.05 

010001
100111
0.05 

010001
110011
0.05 

010001
111001
0.05 

010100
001111
0.05 

010110
001011
0.05 

010111
001100
0.05 

011000
011101
0.05 

011000
101110
0.05 

011010
110100
0.05 

011101
000110
0.05 

011101
001100
0.05 

011101
011000
0.05 

011111
001000
0.05 

100000
110111
0.05 

100010
100111
0.05 

100010
110011
0.05 

100010
111001
0.05 

100101
001011
0.05 

100111
010001
0.05 

100111
100010
0.05 

101000
110011
0.05 

101001
110100
0.05 

101011
110000
0.05 

101110
000110
0.05 

101110
001100
0.05 

101110
011000
0.05 

101111
000100
0.05 

110000
101011
0.05 

110011
000101
0.05 

110011
010001
0.05 

110011
100010
0.05 

110011
101000
0.05 

110100
011010
0.05 

110100
101001
0.05 

110101
000011
0.05 

110111
000010
0.05 

110111
100000
0.05 

111001
010001
0.05 

111001
100010
0.05 

111010
001100
0.05 

111011
000001
0.05 

111011
010000
0.05 

111100
001010
0.05 

111101
001000
0.05 

111110
000100
0.05 

000110
101011
0.06 

000111
101100
0.06 

000111
110010
0.06 

001001
011101
0.06 

001010
011110
0.06 

001010
100111
0.06 

001101
010101
0.06 

001101
111000
0.06 

010001
011011
0.06 

010011
010101
0.06 

010011
111000
0.06 

010100
011110
0.06 

010100
111001
0.06 

010101
001101
0.06 

010101
010011
0.06 

011000
110101
0.06 

011011
010001
0.06 

011101
001001
0.06 

011110
001010
0.06 

011110
010100
0.06 

100001
101011
0.06 

100001
110101
0.06 

100010
110110
0.06 

100100
101110
0.06 

100111
001010
0.06 

101010
101100
0.06 

101010
110010
0.06 

101011
000110
0.06 

101011
100001
0.06 

101100
000111
0.06 

101100
101010
0.06 

101110
100100
0.06 

110010
000111
0.06 

110010
101010
0.06 

110101
011000
0.06 

110101
100001
0.06 

110110
100010
0.06 

111000
001101
0.06 

111000
010011
0.06 

111001
010100
0.06 

000101
101101
0.07 

001001
101011
0.07 

001010
011011
0.07 

010010
010111
0.07 

010010
111010
0.07 

010100
110110
0.07 

010111
010010
0.07 

011011
001010
0.07 

100100
110101
0.07 

101000
101101
0.07 

101011
001001
0.07 

101101
000101
0.07 

101101
101000
0.07 

110101
100100
0.07 

110110
010100
0.07 

111010
010010
0.07 

001011
011100
0.09 

001011
110001
0.09 

001110
110100
0.09 

011100
001011
0.09 

100011
110100
0.09 

110001
001011
0.09 

110100
001110
0.09 

110100
100011
0.09 

001110
011001
0.11 

011001
001110
0.11 

011001
100011
0.11 

011100
100110
0.11 

100011
011001
0.11 

100110
011100
0.11 

100110
110001
0.11 

110001
100110
0.11 

001110
100101
0.13 

010110
100011
0.13 

011010
110001
0.13 

011100
101001
0.13 

100011
010110
0.13 

100101
001110
0.13 

101001
011100
0.13 

110001
011010
0.13 

001101
101100
0.15 

010011
110010
0.15 

101100
001101
0.15 

110010
010011
0.15 

001101
100110
0.16 

010011
100110
0.16 

011001
101100
0.16 

011001
110010
0.16 

100110
001101
0.16 

100110
010011
0.16 

101100
011001
0.16 

110010
011001
0.16 

000011
111010
0.17 

000101
111100
0.17 

001111
101000
0.17 

010111
110000
0.17 

101000
001111
0.17 

110000
010111
0.17 

111010
000011
0.17 

111100
000101
0.17 

001110
101010
0.19 

010101
011100
0.19 

010101
110001
0.19 

011100
010101
0.19 

100011
101010
0.19 

101010
001110
0.19 

101010
100011
0.19 

110001
010101
0.19 

001011
101010
0.2 

001101
011010
0.2 

001101
101001
0.2 

010011
011010
0.2 

010011
101001
0.2 

010101
110100
0.2 

010110
101100
0.2 

010110
110010
0.2 

011010
001101
0.2 

011010
010011
0.2 

100101
101100
0.2 

100101
110010
0.2 

101001
001101
0.2 

101001
010011
0.2 

101010
001011
0.2 

101100
010110
0.2 

101100
100101
0.2 

110010
010110
0.2 

110010
100101
0.2 

110100
010101
0.2 

000111
111000
0.21 

111000
000111
0.21 

000001
111110
0.22 

011111
100000
0.22 

100000
011111
0.22 

111110
000001
0.22 

000101
111001
0.23 

000110
111010
0.23 

010110
100110
0.23 

010111
011000
0.23 

011000
010111
0.23 

011001
011010
0.23 

011001
101001
0.23 

011010
011001
0.23 

100101
100110
0.23 

100110
010110
0.23 

100110
100101
0.23 

100111
101000
0.23 

101000
100111
0.23 

101001
011001
0.23 

111001
000101
0.23 

111010
000110
0.23 

010001
011110
0.24 

011101
100001
0.24 

011110
010001
0.24 

011110
100010
0.24 

100001
011101
0.24 

100001
101110
0.24 

100010
011110
0.24 

101110
100001
0.24 

000101
110110
0.27 

001001
101110
0.27 

001001
111010
0.27 

010001
110110
0.27 

010101
011001
0.27 

010110
011010
0.27 

010111
100100
0.27 

011001
010101
0.27 

011010
010110
0.27 

011011
100010
0.27 

011011
101000
0.27 

011101
100100
0.27 

100010
011011
0.27 

100100
010111
0.27 

100100
011101
0.27 

100101
101001
0.27 

100110
101010
0.27 

101000
011011
0.27 

101001
100101
0.27 

101010
100110
0.27 

101110
001001
0.27 

110110
000101
0.27 

110110
010001
0.27 

111010
001001
0.27 

001010
110011
0.28 

001100
101011
0.28 

001100
110101
0.28 

010100
110011
0.28 

101011
001100
0.28 

110011
001010
0.28 

110011
010100
0.28 

110101
001100
0.28 

000110
110101
0.29 

001010
111001
0.29 

010100
100111
0.29 

011000
101011
0.29 

100111
010100
0.29 

101011
011000
0.29 

110101
000110
0.29 

111001
001010
0.29 

010101
010110
0.31 

010101
100101
0.31 

010110
010101
0.31 

011010
101010
0.31 

100101
010101
0.31 

101001
101010
0.31 

101010
011010
0.31 

101010
101001
0.31 

000100
111011
0.33 

001000
110111
0.33 

110111
001000
0.33 

111011
000100
0.33 

000010
111101
0.36 

001110
110001
0.36 

010000
101111
0.36 

011100
100011
0.36 

100011
011100
0.36 

101111
010000
0.36 

110001
001110
0.36 

111101
000010
0.36 

001001
110101
0.38 

001010
110110
0.38 

010100
011011
0.38 

011011
010100
0.38 

100100
101011
0.38 

101011
100100
0.38 

110101
001001
0.38 

110110
001010
0.38 

010001
101101
0.39 

010010
011101
0.39 

010010
101110
0.39 

011101
010010
0.39 

100010
101101
0.39 

101101
010001
0.39 

101101
100010
0.39 

101110
010010
0.39 

001010
101101
0.47 

010010
101011
0.47 

010010
110101
0.47 

010100
101101
0.47 

101011
010010
0.47 

101101
001010
0.47 

101101
010100
0.47 

110101
010010
0.47 

001011
110100
0.54 

110100
001011
0.54 

001101
110010
0.6 

010011
101100
0.6 

101100
010011
0.6 

110010
001101
0.6 

011001
100110
0.65 

100110
011001
0.65 

010110
101001
1.11 

011010
100101
1.11 

100101
011010
1.11 

101001
010110
1.11 

010101
101010
2.12 

101010
010101
2.12 

