0101010
1010101
-2.07 

0101001
1010110
-1.07 

1001010
0110101
-1.07 

1010100
0101011
-1.02 

0010101
1101010
-1.01 

0100101
1011010
-1.01 

1010010
0101101
-1.01 

0110101
0101010
-0.71 

1010101
0101001
-0.71 

1010101
1001010
-0.71 

1010110
0101010
-0.71 

1000101
0111010
-0.63 

1010001
0101110
-0.63 

1010111
0101000
-0.61 

1011101
0100010
-0.61 

1110101
0001010
-0.61 

0100110
1011001
-0.6 

0110010
1001101
-0.6 

0011010
1100101
-0.58 

0101100
1010011
-0.58 

1001001
0110110
-0.57 

0010110
1101001
-0.54 

0110100
1001011
-0.54 

1001101
0101010
-0.54 

1010101
0100110
-0.54 

1010101
0110010
-0.54 

1011001
0101010
-0.54 

1010011
0101010
-0.52 

1010101
0011010
-0.52 

1010101
0101100
-0.52 

1011011
0100100
-0.52 

1100101
0101010
-0.52 

1101011
0010100
-0.52 

1101101
0010010
-0.52 

0101101
1001010
-0.47 

0110101
1010010
-0.47 

1010110
0100101
-0.47 

1011010
0101001
-0.47 

0101011
1010010
-0.45 

0101101
1010100
-0.45 

1011010
0010101
-0.45 

1101010
0100101
-0.45 

0101101
1010001
-0.38 

0101110
1010010
-0.38 

0110101
1001001
-0.38 

0110110
0101001
-0.38 

0110110
1001010
-0.38 

0111010
0100101
-0.38 

1010110
1001001
-0.38 

1011010
1000101
-0.38 

0101101
0110010
-0.37 

1001101
1010010
-0.37 

1011001
0100101
-0.37 

1011010
0100110
-0.37 

0101011
0110100
-0.36 

0110001
1001110
-0.36 

0111101
1000010
-0.36 

1000110
0111001
-0.36 

1001011
1010100
-0.36 

1011110
0100001
-0.36 

1101001
0010101
-0.36 

1101010
0010110
-0.36 

0101111
1010000
-0.35 

1111010
0000101
-0.35 

0001101
1110010
-0.33 

0011001
1100110
-0.33 

0100011
1011100
-0.33 

0110111
1001000
-0.33 

0111011
1000100
-0.33 

1001100
0110011
-0.33 

1011000
0100111
-0.33 

1100010
0011101
-0.33 

1101110
0010001
-0.33 

1110110
0001001
-0.33 

0001011
1110100
-0.31 

1101000
0010111
-0.31 

0010011
1101100
-0.29 

0100101
1010101
-0.29 

0101010
0101101
-0.29 

0101010
1011010
-0.29 

0110101
1000110
-0.29 

0111001
1001010
-0.29 

1001110
0101001
-0.29 

1010010
1010101
-0.29 

1010110
0110001
-0.29 

1100100
0011011
-0.29 

0100111
1010100
-0.28 

0101011
1001100
-0.28 

0101011
1011000
-0.28 

0110011
1001010
-0.28 

0110011
1010100
-0.28 

0110101
1001100
-0.28 

1010110
0011001
-0.28 

1100110
0010101
-0.28 

1100110
0101001
-0.28 

1101010
0001101
-0.28 

1101010
0011001
-0.28 

1110010
0010101
-0.28 

0011011
1010100
-0.27 

0011101
1010010
-0.27 

0101011
1100100
-0.27 

0101101
1100010
-0.27 

0101110
1001001
-0.27 

0110110
1000101
-0.27 

0110110
1010001
-0.27 

0111010
1001001
-0.27 

1011010
0100011
-0.27 

1011100
0100101
-0.27 

1101010
0010011
-0.27 

1101100
0010101
-0.27 

0101001
0110101
-0.26 

0101010
0110110
-0.26 

1001001
1010101
-0.26 

1001010
1010110
-0.26 

0001010
1101101
-0.25 

0010010
1011101
-0.25 

0010010
1110101
-0.25 

0100010
1011011
-0.25 

0100010
1101101
-0.25 

0100100
1010111
-0.25 

0100100
1011101
-0.25 

0101000
1011011
-0.25 

1001011
0101100
-0.25 

1001011
0110010
-0.25 

1001101
0110100
-0.25 

1010011
0110100
-0.25 

1011001
0010110
-0.25 

1100101
0010110
-0.25 

1101001
0011010
-0.25 

1101001
0100110
-0.25 

0010010
1101011
-0.23 

0010100
1011011
-0.23 

0010100
1101101
-0.23 

0100100
1101011
-0.23 

0101110
0110001
-0.23 

0111001
1000101
-0.23 

0111010
1000110
-0.23 

1001110
1010001
-0.23 

0001001
1110101
-0.22 

0001010
1110110
-0.22 

0100001
1011101
-0.22 

0100010
0111101
-0.22 

0100010
1011110
-0.22 

0101000
0110111
-0.22 

0111001
0100110
-0.22 

1000010
1011101
-0.22 

1001000
1010111
-0.22 

1001101
0110001
-0.22 

1001110
0110010
-0.22 

1011001
1000110
-0.22 

0100110
1010110
-0.21 

0101001
1011001
-0.21 

0110010
0110101
-0.21 

0110011
0101100
-0.21 

0111110
1000001
-0.21 

1001010
1001101
-0.21 

1010011
1001100
-0.21 

1100101
0011001
-0.21 

1100110
0011010
-0.21 

0000010
1111101
-0.2 

0001110
1110001
-0.2 

0010110
1010101
-0.2 

0011010
0110101
-0.2 

0100000
1011111
-0.2 

0100110
0110101
-0.2 

0101001
1001101
-0.2 

0101001
1010011
-0.2 

0101010
1001011
-0.2 

0101010
1101001
-0.2 

0101100
1010110
-0.2 

0110010
1010110
-0.2 

0110100
1010101
-0.2 

0111000
1000111
-0.2 

1000011
0111100
-0.2 

1001010
1011001
-0.2 

1001010
1100101
-0.2 

1001111
0110000
-0.2 

1100001
0011110
-0.2 

1111001
0000110
-0.2 

0001000
1110111
-0.19 

0010001
1101101
-0.19 

0010010
1101110
-0.19 

0010101
1010110
-0.19 

0011001
1010101
-0.19 

0011010
1010110
-0.19 

0100100
0111011
-0.19 

0101001
1100101
-0.19 

0101001
1101010
-0.19 

0101010
0110011
-0.19 

0101010
0111001
-0.19 

0101010
1001110
-0.19 

0101010
1100110
-0.19 

0101100
0110101
-0.19 

0110001
1010101
-0.19 

1000100
1011011
-0.19 

1000110
1010101
-0.19 

1001010
0101011
-0.19 

1001010
1010011
-0.19 

1001100
1010101
-0.19 

1010100
0110101
-0.19 

0000100
1111011
-0.18 

0010000
1101111
-0.18 

0011100
1100011
-0.18 

1100111
0011000
-0.18 

1110011
0001100
-0.18 

0000110
1110101
-0.17 

0001010
1111001
-0.17 

0011110
1010001
-0.17 

0100101
0110110
-0.17 

0101000
1001111
-0.17 

0101001
0111010
-0.17 

0101110
1100001
-0.17 

0110000
1010111
-0.17 

0111010
1000011
-0.17 

0111100
1000101
-0.17 

1000101
1010110
-0.17 

1001001
0101101
-0.17 

1001001
1011010
-0.17 

1001010
0101110
-0.17 

1010001
0110101
-0.17 

1010010
0110110
-0.17 

0001010
1110011
-0.16 

0001100
1110101
-0.16 

0010101
1011001
-0.16 

0010110
1011010
-0.16 

0011000
1010111
-0.16 

0100101
1101001
-0.16 

0100110
1001101
-0.16 

0100110
1101010
-0.16 

0101000
1100111
-0.16 

0101001
0101110
-0.16 

0110010
0101011
-0.16 

0110010
1011001
-0.16 

0110100
0101101
-0.16 

1000101
0110101
-0.16 

1001010
0111010
-0.16 

1010001
1010110
-0.16 

1010010
1001011
-0.16 

1010100
1001101
-0.16 

0000101
1110110
-0.15 

0001001
1111010
-0.15 

0010001
1011110
-0.15 

0010101
0111010
-0.15 

0010101
1100101
-0.15 

0011010
1001101
-0.15 

0011010
1011001
-0.15 

0011010
1101010
-0.15 

0100001
1101110
-0.15 

0100110
1010011
-0.15 

0100110
1100101
-0.15 

0101100
0101011
-0.15 

0101100
1001101
-0.15 

0101100
1011001
-0.15 

0110010
1010011
-0.15 

0110010
1100101
-0.15 

1000010
0111011
-0.15 

1000100
0111101
-0.15 

1000101
1101010
-0.15 

1000111
0110100
-0.15 

1001000
0101111
-0.15 

1001011
0111000
-0.15 

1010000
0110111
-0.15 

1010001
0101011
-0.15 

1010011
0011100
-0.15 

1010100
0101110
-0.15 

1010100
1010011
-0.15 

1100011
0011010
-0.15 

1100011
0101100
-0.15 

1100101
0011100
-0.15 

1101001
0001110
-0.15 

1110001
0010110
-0.15 

0001001
1101110
-0.14 

0001100
1101011
-0.14 

0010001
1110110
-0.14 

0010100
1100111
-0.14 

0010100
1110011
-0.14 

0010111
1011000
-0.14 

0011000
1101011
-0.14 

0011001
1011010
-0.14 

0011010
1010011
-0.14 

0011011
1100010
-0.14 

0011101
1100100
-0.14 

0100101
0111001
-0.14 

0100101
1100110
-0.14 

0100110
0111010
-0.14 

0100111
1101000
-0.14 

0101100
1100101
-0.14 

0110001
0101101
-0.14 

0110010
0101110
-0.14 

1000100
0110111
-0.14 

1000101
1011001
-0.14 

1000110
1011010
-0.14 

1001000
0111011
-0.14 

1001100
0101101
-0.14 

1010001
1001101
-0.14 

1010010
0110011
-0.14 

1010010
1001110
-0.14 

1011100
0010011
-0.14 

1101100
0100011
-0.14 

1110010
0001011
-0.14 

1110100
0001101
-0.14 

0000101
1111001
-0.13 

0000110
1111010
-0.13 

0010111
1100100
-0.13 

0011011
1101000
-0.13 

0011100
1010101
-0.13 

0100001
0111110
-0.13 

0100101
1001110
-0.13 

0101010
1100011
-0.13 

0110000
0101111
-0.13 

0110001
1011010
-0.13 

1000001
0111101
-0.13 

1000001
1011110
-0.13 

1000010
0111110
-0.13 

1000110
0101101
-0.13 

1010000
1001111
-0.13 

1010010
0111001
-0.13 

1101100
0001011
-0.13 

1110100
0010011
-0.13 

0000001
1111110
-0.12 

0001101
1011010
-0.12 

0010011
1011010
-0.12 

0010101
1011100
-0.12 

0011101
1100001
-0.12 

0011110
1100010
-0.12 

0100011
1010110
-0.12 

0100011
1101010
-0.12 

0100101
1101100
-0.12 

0100101
1110010
-0.12 

0100111
0111000
-0.12 

0101001
1011100
-0.12 

0110001
0110110
-0.12 

0111100
0100011
-0.12 

1000000
0111111
-0.12 

1000110
0110110
-0.12 

1000111
1011000
-0.12 

1001001
0111001
-0.12 

1001001
1001110
-0.12 

1001010
0011101
-0.12 

1010010
0011011
-0.12 

1010010
0100111
-0.12 

1010100
0011101
-0.12 

1011000
0101101
-0.12 

1011100
1000011
-0.12 

1100010
0101011
-0.12 

1100010
0110101
-0.12 

1100100
0101101
-0.12 

1110001
0001101
-0.12 

1110010
0001110
-0.12 

0000111
1111000
-0.11 

0010110
1100110
-0.11 

0011001
0110110
-0.11 

0011001
1101001
-0.11 

0011111
1100000
-0.11 

0101011
0101010
-0.11 

0110100
0110011
-0.11 

1001001
0110011
-0.11 

1001001
1100110
-0.11 

1001100
0110110
-0.11 

1001100
1001011
-0.11 

1010101
0010101
-0.11 

1010101
1010100
-0.11 

1011011
0010010
-0.11 

1101010
0101010
-0.11 

1101101
0100100
-0.11 

1110000
0001111
-0.11 

1111100
0000011
-0.11 

0001011
1101010
-0.1 

0001101
1101001
-0.1 

0001110
1101010
-0.1 

0010011
1101001
-0.1 

0010101
1110001
-0.1 

0010101
1110100
-0.1 

0010110
1101100
-0.1 

0010110
1110010
-0.1 

0100011
0111010
-0.1 

0100011
1011001
-0.1 

0100101
0111100
-0.1 

0100110
1011100
-0.1 

0101101
0101001
-0.1 

0101110
0101010
-0.1 

0110010
0011101
-0.1 

0110100
0011011
-0.1 

0110100
0100111
-0.1 

0110101
0100101
-0.1 

0111000
0101011
-0.1 

0111010
0101010
-0.1 

1000011
1011010
-0.1 

1000101
0101110
-0.1 

1000101
1011100
-0.1 

1010001
0011101
-0.1 

1010001
0111010
-0.1 

1010010
0011110
-0.1 

1010100
0010111
-0.1 

1010100
1000111
-0.1 

1010101
1000101
-0.1 

1010101
1010001
-0.1 

1010110
1010010
-0.1 

1010111
0010100
-0.1 

1011000
1001011
-0.1 

1011010
1001010
-0.1 

1011101
0010100
-0.1 

1100001
0101101
-0.1 

1100010
0101110
-0.1 

1100010
1001101
-0.1 

1100100
1001011
-0.1 

1101000
0101011
-0.1 

1101011
0001010
-0.1 

1101011
0100010
-0.1 

1101011
0101000
-0.1 

1110101
0010100
-0.1 

0000011
1111010
-0.09 

0000101
1111100
-0.09 

0001111
1101000
-0.09 

0010110
0111001
-0.09 

0010111
1110000
-0.09 

0101101
0011010
-0.09 

0101111
0101000
-0.09 

0110001
1001011
-0.09 

0110100
1001110
-0.09 

0110111
0100100
-0.09 

0111011
0100010
-0.09 

0111011
0101000
-0.09 

0111101
0100100
-0.09 

1000110
1101001
-0.09 

1010000
0011111
-0.09 

1010011
0100101
-0.09 

1010111
0100010
-0.09 

1010111
1000100
-0.09 

1010111
1010000
-0.09 

1011010
0101100
-0.09 

1011011
1000010
-0.09 

1011011
1001000
-0.09 

1011101
0001010
-0.09 

1011101
0010001
-0.09 

1011101
0101000
-0.09 

1011101
1000100
-0.09 

1011110
0010010
-0.09 

1100000
0101111
-0.09 

1100101
1010010
-0.09 

1101101
0001001
-0.09 

1101101
0100001
-0.09 

1101110
0001010
-0.09 

1101110
0100010
-0.09 

1110100
0000111
-0.09 

1110101
0000101
-0.09 

1110101
0010001
-0.09 

1110101
0100010
-0.09 

1110110
0010010
-0.09 

1111000
0001011
-0.09 

1111010
0001010
-0.09 

0001101
1100110
-0.08 

0001101
1101100
-0.08 

0010011
1100110
-0.08 

0010011
1110010
-0.08 

0011001
1001110
-0.08 

0011001
1101100
-0.08 

0011001
1110010
-0.08 

0011101
0101010
-0.08 

0101101
0100110
-0.08 

0101101
0101100
-0.08 

0110001
1100110
-0.08 

0110101
0010110
-0.08 

0110101
0110100
-0.08 

0110110
0100110
-0.08 

0110110
0110010
-0.08 

0111011
0010100
-0.08 

0111101
0010010
-0.08 

0111101
0100001
-0.08 

0111110
0100010
-0.08 

1000110
0110011
-0.08 

1001011
0101001
-0.08 

1001011
1001010
-0.08 

1001100
0011011
-0.08 

1001100
0100111
-0.08 

1001100
0111001
-0.08 

1001101
0100101
-0.08 

1001101
1001001
-0.08 

1010011
1010010
-0.08 

1010101
0100011
-0.08 

1010101
1100010
-0.08 

1010110
0010110
-0.08 

1010110
0110100
-0.08 

1011000
0011011
-0.08 

1011000
0110011
-0.08 

1011001
1001001
-0.08 

1011001
1010010
-0.08 

1011010
0011010
-0.08 

1011010
0110010
-0.08 

1011011
0011000
-0.08 

1011011
0100001
-0.08 

1011100
0101010
-0.08 

1011101
1000001
-0.08 

1011110
0100100
-0.08 

1011110
1000010
-0.08 

1011111
0010000
-0.08 

1100100
0100111
-0.08 

1100100
0110011
-0.08 

1100101
0100101
-0.08 

1100111
0100100
-0.08 

1101001
0101001
-0.08 

1101001
1001010
-0.08 

1101011
0010001
-0.08 

1101011
1000100
-0.08 

1101101
0001100
-0.08 

1101101
1000010
-0.08 

1101110
0010100
-0.08 

1101111
0001000
-0.08 

1101111
0100000
-0.08 

1110011
0010010
-0.08 

1110111
0000100
-0.08 

1110111
0010000
-0.08 

1111011
0000010
-0.08 

1111011
0001000
-0.08 

1111101
0000100
-0.08 

0001110
1100101
-0.07 

0010110
1100011
-0.07 

0011010
1110001
-0.07 

0011100
1001011
-0.07 

0011100
1101001
-0.07 

0101011
1001001
-0.07 

0101100
1000111
-0.07 

0101101
1000101
-0.07 

0101110
0100101
-0.07 

0110011
0101001
-0.07 

0110100
1100011
-0.07 

0110101
0011001
-0.07 

0110101
0110001
-0.07 

0110110
0010101
-0.07 

0110110
0011010
-0.07 

0110110
0101100
-0.07 

0110110
1010100
-0.07 

0110111
0110000
-0.07 

0111000
1010011
-0.07 

0111001
0101001
-0.07 

0111010
1010010
-0.07 

0111111
0100000
-0.07 

1000011
0110110
-0.07 

1001001
0011110
-0.07 

1001001
0111100
-0.07 

1001011
0100110
-0.07 

1001101
0010110
-0.07 

1001110
1001010
-0.07 

1001111
0100100
-0.07 

1001111
1001000
-0.07 

1010011
1001001
-0.07 

1010110
1000110
-0.07 

1010110
1001100
-0.07 

1011001
0110100
-0.07 

1011010
1010001
-0.07 

1011011
0110000
-0.07 

1011111
1000000
-0.07 

1100001
0110110
-0.07 

1100101
1001001
-0.07 

1100110
1001010
-0.07 

1101001
0110010
-0.07 

1101010
1001001
-0.07 

1101101
0000110
-0.07 

1110110
0000110
-0.07 

1111001
0001001
-0.07 

1111001
0010010
-0.07 

1111101
0000001
-0.07 

1111110
0000010
-0.07 

1111111
0000000
-0.07 

0001110
1011001
-0.06 

0011001
1100011
-0.06 

0011100
0110011
-0.06 

0011100
1100110
-0.06 

0100110
1110001
-0.06 

0100111
1001010
-0.06 

0101011
0110001
-0.06 

0101011
1000110
-0.06 

0110001
0011110
-0.06 

0110010
1000111
-0.06 

0110011
0100110
-0.06 

0110011
0110010
-0.06 

0110101
1011000
-0.06 

0110111
0011000
-0.06 

0111000
1001101
-0.06 

0111001
0010101
-0.06 

0111001
0110010
-0.06 

0111001
1010100
-0.06 

1000011
0111001
-0.06 

1000110
0111100
-0.06 

1001011
0011010
-0.06 

1001100
1100011
-0.06 

1001101
0011001
-0.06 

1001101
1000110
-0.06 

1001101
1001100
-0.06 

1001110
0010101
-0.06 

1001110
0100110
-0.06 

1001110
1010100
-0.06 

1010011
0010110
-0.06 

1010110
0001101
-0.06 

1011001
0011001
-0.06 

1011001
0110001
-0.06 

1011001
1001100
-0.06 

1011011
0001100
-0.06 

1100001
1001110
-0.06 

1100101
0110100
-0.06 

1100110
0100110
-0.06 

1100110
0110010
-0.06 

1100111
0010010
-0.06 

1100111
1001000
-0.06 

1101001
0101100
-0.06 

1101010
0110001
-0.06 

1101010
1000110
-0.06 

1101101
0011000
-0.06 

1110010
0101001
-0.06 

1110011
0001001
-0.06 

1110011
0100100
-0.06 

1110110
0001100
-0.06 

0001011
1011100
-0.05 

0001011
1110001
-0.05 

0001110
1110100
-0.05 

0010011
0111100
-0.05 

0010110
0101101
-0.05 

0011011
0101100
-0.05 

0011011
0110010
-0.05 

0011011
1001010
-0.05 

0011110
0101001
-0.05 

0100011
1110100
-0.05 

0100101
0101101
-0.05 

0100101
1001011
-0.05 

0100111
1010001
-0.05 

0101110
0011001
-0.05 

0101110
0110100
-0.05 

0101110
1000110
-0.05 

0101110
1001100
-0.05 

0101110
1011000
-0.05 

0101111
1000100
-0.05 

0110011
0011010
-0.05 

0110011
1000101
-0.05 

0110011
1010001
-0.05 

0110100
1011010
-0.05 

0110101
0011100
-0.05 

0110101
1000011
-0.05 

0110101
1100100
-0.05 

0110111
1000010
-0.05 

0111000
0010111
-0.05 

0111001
0011010
-0.05 

0111001
0101100
-0.05 

0111001
1010001
-0.05 

0111010
0001101
-0.05 

0111010
0010110
-0.05 

0111010
0011001
-0.05 

0111010
0110001
-0.05 

0111010
1001100
-0.05 

0111011
1000001
-0.05 

0111011
1010000
-0.05 

0111100
1001010
-0.05 

0111101
1001000
-0.05 

0111110
0010001
-0.05 

0111110
1000100
-0.05 

1000011
1101100
-0.05 

1000111
0101010
-0.05 

1001011
1010001
-0.05 

1001101
1100100
-0.05 

1001110
0011010
-0.05 

1001110
0101100
-0.05 

1001110
1000101
-0.05 

1001111
0011000
-0.05 

1010010
1011010
-0.05 

1010010
1101001
-0.05 

1010011
0011001
-0.05 

1010011
0110001
-0.05 

1010011
1000110
-0.05 

1010011
1100100
-0.05 

1010101
0001110
-0.05 

1010101
0111000
-0.05 

1010110
0010011
-0.05 

1010110
0011100
-0.05 

1010110
1100001
-0.05 

1011001
0010011
-0.05 

1011110
0001001
-0.05 

1100001
0011011
-0.05 

1100010
0010111
-0.05 

1100011
0101001
-0.05 

1100011
1001010
-0.05 

1100100
0011110
-0.05 

1100101
0010011
-0.05 

1100101
0110001
-0.05 

1100101
1000110
-0.05 

1100101
1001100
-0.05 

1100110
0101100
-0.05 

1100110
1000101
-0.05 

1100110
1010001
-0.05 

1100111
0110000
-0.05 

1101000
0011101
-0.05 

1101000
1000111
-0.05 

1101001
1000101
-0.05 

1101100
0011010
-0.05 

1101100
0100110
-0.05 

1101100
0101001
-0.05 

1101110
0000101
-0.05 

1101110
1000001
-0.05 

1110001
0101010
-0.05 

1110010
1000101
-0.05 

1110011
0000110
-0.05 

1110110
0100001
-0.05 

1111001
0001100
-0.05 

1111010
0010001
-0.05 

0000101
1101101
-0.04 

0000111
1101100
-0.04 

0000111
1110010
-0.04 

0001001
1101011
-0.04 

0001010
0111101
-0.04 

0001010
1011011
-0.04 

0001101
1111000
-0.04 

0010001
1011011
-0.04 

0010010
0111011
-0.04 

0010010
1010111
-0.04 

0010010
1111010
-0.04 

0010011
1010101
-0.04 

0010011
1111000
-0.04 

0010100
0110111
-0.04 

0010100
1110110
-0.04 

0010101
0101110
-0.04 

0010101
0110101
-0.04 

0010101
1001101
-0.04 

0010101
1010011
-0.04 

0010111
0110100
-0.04 

0010111
1001100
-0.04 

0010111
1010010
-0.04 

0011010
0101011
-0.04 

0011011
1010001
-0.04 

0011101
0110001
-0.04 

0011101
0110100
-0.04 

0011101
1000110
-0.04 

0011101
1001001
-0.04 

0011101
1001100
-0.04 

0011110
0110010
-0.04 

0011110
1001010
-0.04 

0011110
1010100
-0.04 

0011111
1001000
-0.04 

0100001
1010111
-0.04 

0100100
0101111
-0.04 

0100100
1101110
-0.04 

0100100
1110101
-0.04 

0100110
0101011
-0.04 

0100111
0101100
-0.04 

0100111
0110010
-0.04 

0101000
1011110
-0.04 

0101000
1101101
-0.04 

0101001
0101011
-0.04 

0101010
0011011
-0.04 

0101010
1101100
-0.04 

0101011
0011100
-0.04 

0101011
1100001
-0.04 

0101100
1101010
-0.04 

0101101
0111000
-0.04 

0101101
1101000
-0.04 

0101110
1100100
-0.04 

0110010
1101010
-0.04 

0110011
1100010
-0.04 

0110011
1101000
-0.04 

0110101
1100001
-0.04 

0110110
0100011
-0.04 

0110110
1100010
-0.04 

0110111
1100000
-0.04 

0111001
0100011
-0.04 

0111001
1100010
-0.04 

0111010
0010011
-0.04 

0111100
0010101
-0.04 

0111100
0100110
-0.04 

0111100
0101001
-0.04 

1000010
1110101
-0.04 

1000100
1101101
-0.04 

1000101
0101011
-0.04 

1000111
1010010
-0.04 

1001000
1101011
-0.04 

1001010
1101010
-0.04 

1001011
1100010
-0.04 

1001011
1101000
-0.04 

1001101
0011100
-0.04 

1001101
1011000
-0.04 

1001101
1100001
-0.04 

1001110
0100011
-0.04 

1001110
1100010
-0.04 

1010000
1011011
-0.04 

1010001
1101010
-0.04 

1010011
1011000
-0.04 

1010100
0111010
-0.04 

1010100
1010110
-0.04 

1010100
1011001
-0.04 

1010100
1100101
-0.04 

1010110
1000011
-0.04 

1011000
0001111
-0.04 

1011001
0001101
-0.04 

1011001
0011100
-0.04 

1011001
1000011
-0.04 

1011010
0001011
-0.04 

1011010
0001110
-0.04 

1011100
0010110
-0.04 

1011100
0011001
-0.04 

1011100
0110001
-0.04 

1011100
1000110
-0.04 

1011100
1001001
-0.04 

1100011
0010101
-0.04 

1100011
0100110
-0.04 

1100011
0110010
-0.04 

1100011
1010100
-0.04 

1100100
0001111
-0.04 

1100100
1010101
-0.04 

1100101
0001101
-0.04 

1100110
0001011
-0.04 

1100110
0100011
-0.04 

1100111
0001100
-0.04 

1101001
0001011
-0.04 

1101001
0100011
-0.04 

1101010
0011100
-0.04 

1101010
1000011
-0.04 

1101100
1000101
-0.04 

1110000
0011011
-0.04 

1110000
0100111
-0.04 

1110001
0100101
-0.04 

1110010
0011010
-0.04 

1110010
0100110
-0.04 

1110011
0011000
-0.04 

1110100
0010110
-0.04 

1110100
0011001
-0.04 

1110100
0100101
-0.04 

1110110
0000011
-0.04 

1111100
0001001
-0.04 

0000001
1111011
-0.03 

0000010
1110111
-0.03 

0000011
1110101
-0.03 

0000100
1101111
-0.03 

0000100
1111110
-0.03 

0000101
1110011
-0.03 

0000110
1011101
-0.03 

0000110
1101011
-0.03 

0001000
1011111
-0.03 

0001000
1111101
-0.03 

0001001
1011101
-0.03 

0001010
1011110
-0.03 

0001010
1100111
-0.03 

0001010
1111100
-0.03 

0001011
1010110
-0.03 

0001100
1010111
-0.03 

0001100
1011101
-0.03 

0001100
1101110
-0.03 

0001100
1111010
-0.03 

0001101
0110110
-0.03 

0001101
1010101
-0.03 

0001111
1010100
-0.03 

0010000
0111111
-0.03 

0010000
1111011
-0.03 

0010001
0111101
-0.03 

0010001
1110011
-0.03 

0010010
0111110
-0.03 

0010100
0111101
-0.03 

0010100
1001111
-0.03 

0010100
1011110
-0.03 

0010100
1111001
-0.03 

0010110
0110110
-0.03 

0010110
1001011
-0.03 

0010110
1001110
-0.03 

0011000
0101111
-0.03 

0011000
0111011
-0.03 

0011000
1011101
-0.03 

0011000
1110101
-0.03 

0011001
0101101
-0.03 

0011010
0101110
-0.03 

0011010
0111010
-0.03 

0011011
0111000
-0.03 

0011101
1011000
-0.03 

0011110
1000101
-0.03 

0011111
0110000
-0.03 

0100000
1110111
-0.03 

0100001
0111011
-0.03 

0100001
1101011
-0.03 

0100001
1110101
-0.03 

0100010
0110111
-0.03 

0100010
1001111
-0.03 

0100010
1100111
-0.03 

0100010
1110011
-0.03 

0100010
1110110
-0.03 

0100010
1111001
-0.03 

0100011
0110101
-0.03 

0100011
1001101
-0.03 

0100100
0111110
-0.03 

0100101
0110011
-0.03 

0100110
0011101
-0.03 

0100110
0101110
-0.03 

0100111
1100010
-0.03 

0101000
0011111
-0.03 

0101000
0111101
-0.03 

0101000
1110011
-0.03 

0101001
0011101
-0.03 

0101001
1110100
-0.03 

0101010
0011110
-0.03 

0101010
0100111
-0.03 

0101010
0111100
-0.03 

0101010
1110010
-0.03 

0101011
0100101
-0.03 

0101011
1110000
-0.03 

0101100
0101110
-0.03 

0101100
0111010
-0.03 

0101101
0010101
-0.03 

0101110
1000011
-0.03 

0110000
1011101
-0.03 

0110000
1101011
-0.03 

0110001
1101001
-0.03 

0110010
0111010
-0.03 

0110010
1011100
-0.03 

0110011
0111000
-0.03 

0110100
0110110
-0.03 

0110100
0111001
-0.03 

0110100
1101001
-0.03 

0111010
1100001
-0.03 

0111100
1010001
-0.03 

1000000
1101111
-0.03 

1000001
1011011
-0.03 

1000001
1101101
-0.03 

1000010
1010111
-0.03 

1000010
1101011
-0.03 

1000010
1101110
-0.03 

1000011
1010101
-0.03 

1000100
1011110
-0.03 

1000100
1100111
-0.03 

1000101
1001101
-0.03 

1000101
1010011
-0.03 

1000101
1100101
-0.03 

1000110
1001011
-0.03 

1000111
1001100
-0.03 

1000111
1100100
-0.03 

1001000
1011101
-0.03 

1001001
0100111
-0.03 

1001001
1001011
-0.03 

1001001
1101001
-0.03 

1001001
1110010
-0.03 

1001010
0010111
-0.03 

1001010
1011100
-0.03 

1001100
1011010
-0.03 

1001111
1100000
-0.03 

1010000
1100111
-0.03 

1010001
1010011
-0.03 

1010001
1011001
-0.03 

1010001
1100101
-0.03 

1010010
1100110
-0.03 

1011000
0110110
-0.03 

1011000
1010101
-0.03 

1011010
1010100
-0.03 

1011100
0001101
-0.03 

1100000
1010111
-0.03 

1100001
1010101
-0.03 

1100010
1010110
-0.03 

1100010
1011001
-0.03 

1100110
0001110
-0.03 

1101000
0110101
-0.03 

1101010
0000111
-0.03 

1101010
1010010
-0.03 

1101100
0001110
-0.03 

1110001
0010011
-0.03 

1110001
0011001
-0.03 

1110010
0100011
-0.03 

1111000
0010101
-0.03 

1111001
0000011
-0.03 

1111100
0000110
-0.03 

0000011
1101110
-0.02 

0000101
1011110
-0.02 

0000110
1101110
-0.02 

0001001
0111110
-0.02 

0001011
0111010
-0.02 

0001011
1011001
-0.02 

0001011
1100101
-0.02 

0001100
0111011
-0.02 

0001101
0111001
-0.02 

0001110
0110101
-0.02 

0001110
0111010
-0.02 

0001110
1010011
-0.02 

0001110
1010110
-0.02 

0010001
1100111
-0.02 

0010001
1111001
-0.02 

0010001
1111100
-0.02 

0010011
0110110
-0.02 

0010011
0111001
-0.02 

0010011
1001110
-0.02 

0010101
0101011
-0.02 

0010110
0110011
-0.02 

0010111
0101010
-0.02 

0010111
1100001
-0.02 

0011000
1101110
-0.02 

0011001
0110011
-0.02 

0011001
0111001
-0.02 

0011001
1001011
-0.02 

0011010
1000111
-0.02 

0011010
1011100
-0.02 

0011010
1110100
-0.02 

0011100
0101101
-0.02 

0011100
0110110
-0.02 

0011100
1011010
-0.02 

0011101
0100101
-0.02 

0011110
1101000
-0.02 

0100001
1111010
-0.02 

0100011
0101110
-0.02 

0100011
1100101
-0.02 

0100101
0011110
-0.02 

0100101
1100011
-0.02 

0100110
1110100
-0.02 

0100111
0101001
-0.02 

0101001
1000111
-0.02 

0101001
1110001
-0.02 

0101011
0010110
-0.02 

0101011
0011001
-0.02 

0101100
0010111
-0.02 

0101100
0011101
-0.02 

0101100
1110001
-0.02 

0101101
0100011
-0.02 

0101110
0010110
-0.02 

0101111
0010100
-0.02 

0101111
0100010
-0.02 

0110000
0111011
-0.02 

0110001
0011011
-0.02 

0110001
0100111
-0.02 

0110001
0110011
-0.02 

0110001
0111001
-0.02 

0110001
1101100
-0.02 

0110010
0010111
-0.02 

0110011
0010101
-0.02 

0110100
1100110
-0.02 

0110101
0001101
-0.02 

0110111
0010010
-0.02 

0111000
0101110
-0.02 

0111000
0110101
-0.02 

0111000
1010110
-0.02 

0111000
1100101
-0.02 

0111001
0001110
-0.02 

0111010
0110100
-0.02 

0111011
0001010
-0.02 

0111100
0001011
-0.02 

1000001
0110111
-0.02 

1000001
1110110
-0.02 

1000010
0101111
-0.02 

1000011
0101101
-0.02 

1000100
0011111
-0.02 

1000100
1001111
-0.02 

1000100
1110011
-0.02 

1000101
0011101
-0.02 

1000101
1110001
-0.02 

1000101
1110100
-0.02 

1000110
0011011
-0.02 

1000110
1001110
-0.02 

1000110
1100110
-0.02 

1000110
1101100
-0.02 

1000110
1110010
-0.02 

1000111
0011100
-0.02 

1000111
0110001
-0.02 

1001000
0111110
-0.02 

1001001
0011011
-0.02 

1001001
1100011
-0.02 

1001001
1101100
-0.02 

1001010
1000111
-0.02 

1001010
1110001
-0.02 

1001011
0010101
-0.02 

1001011
1000101
-0.02 

1001100
1001110
-0.02 

1001100
1100110
-0.02 

1001100
1101001
-0.02 

1001110
0111000
-0.02 

1001111
0010010
-0.02 

1010000
0111101
-0.02 

1010001
0010111
-0.02 

1010001
1000111
-0.02 

1010001
1011100
-0.02 

1010010
0111100
-0.02 

1010010
1100011
-0.02 

1010100
1101010
-0.02 

1010101
0001011
-0.02 

1010101
1101000
-0.02 

1010110
1011000
-0.02 

1010111
0001010
-0.02 

1010111
0010001
-0.02 

1011000
1001110
-0.02 

1011010
1100010
-0.02 

1011011
0000110
-0.02 

1011011
0001001
-0.02 

1011100
1010010
-0.02 

1011101
0000101
-0.02 

1011101
1010000
-0.02 

1100000
0111011
-0.02 

1100001
1011010
-0.02 

1100010
0111010
-0.02 

1100010
1010011
-0.02 

1100011
0001110
-0.02 

1100011
0111000
-0.02 

1100100
0110110
-0.02 

1100100
0111001
-0.02 

1100100
1001110
-0.02 

1100110
1010100
-0.02 

1101000
0101110
-0.02 

1101000
1001101
-0.02 

1101000
1010011
-0.02 

1101001
1010001
-0.02 

1101001
1010100
-0.02 

1101010
0110100
-0.02 

1101010
1001100
-0.02 

1101011
0000101
-0.02 

1101011
1010000
-0.02 

1101101
0110000
-0.02 

1101101
1001000
-0.02 

1101110
0101000
-0.02 

1110001
0011100
-0.02 

1110001
1000110
-0.02 

1110010
1001010
-0.02 

1110100
0101010
-0.02 

1110100
1000011
-0.02 

1110101
0101000
-0.02 

1110101
1000100
-0.02 

1110110
0100100
-0.02 

1111001
0100100
-0.02 

1111010
0010100
-0.02 

1111010
0100010
-0.02 

0000001
1101111
-0.01 

0000010
1011111
-0.01 

0000011
1011101
-0.01 

0000100
0111111
-0.01 

0000101
0111101
-0.01 

0000101
1011011
-0.01 

0000110
0111011
-0.01 

0000111
0111100
-0.01 

0000111
1011010
-0.01 

0000111
1100110
-0.01 

0000111
1101001
-0.01 

0001001
0111011
-0.01 

0001001
1010111
-0.01 

0001010
0110111
-0.01 

0001011
0110101
-0.01 

0001101
0110011
-0.01 

0001101
0111100
-0.01 

0001101
1001110
-0.01 

0001101
1100011
-0.01 

0001110
1001101
-0.01 

0001110
1011100
-0.01 

0001111
0110010
-0.01 

0001111
0111000
-0.01 

0001111
1010001
-0.01 

0001111
1100010
-0.01 

0010000
1111110
-0.01 

0010001
0110111
-0.01 

0010001
1001111
-0.01 

0010010
0101111
-0.01 

0010011
0101101
-0.01 

0010011
1100011
-0.01 

0010110
0111100
-0.01 

0010110
1111000
-0.01 

0010111
0110001
-0.01 

0010111
1001001
-0.01 

0011001
0011110
-0.01 

0011001
0100111
-0.01 

0011001
0111100
-0.01 

0011001
1111000
-0.01 

0011010
0011101
-0.01 

0011011
0011010
-0.01 

0011011
0100110
-0.01 

0011011
0101001
-0.01 

0011011
1000101
-0.01 

0011100
0011011
-0.01 

0011100
0100111
-0.01 

0011100
0111001
-0.01 

0011100
1001110
-0.01 

0011100
1101100
-0.01 

0011100
1110010
-0.01 

0011101
0010110
-0.01 

0011101
0011001
-0.01 

0011101
1000011
-0.01 

0011101
1110000
-0.01 

0011110
0010101
-0.01 

0011110
0011010
-0.01 

0011110
0100011
-0.01 

0011110
0100110
-0.01 

0011110
0101100
-0.01 

0011111
0100100
-0.01 

0011111
1000010
-0.01 

0100000
1111101
-0.01 

0100001
0101111
-0.01 

0100010
0011111
-0.01 

0100010
1111100
-0.01 

0100011
0011101
-0.01 

0100011
1010011
-0.01 

0100011
1110001
-0.01 

0100100
1111010
-0.01 

0100101
0011011
-0.01 

0100101
1111000
-0.01 

0100110
1000111
-0.01 

0100111
0011010
-0.01 

0100111
0100110
-0.01 

0100111
1000101
-0.01 

0101000
1110110
-0.01 

0101001
0010111
-0.01 

0101011
1000011
-0.01 

0101100
1011100
-0.01 

0101101
0001110
-0.01 

0101110
0001101
-0.01 

0101110
0010011
-0.01 

0101110
0011100
-0.01 

0101110
1110000
-0.01 

0101111
0010001
-0.01 

0101111
1000001
-0.01 

0110000
1101110
-0.01 

0110001
0111100
-0.01 

0110001
1100011
-0.01 

0110001
1110010
-0.01 

0110010
1110001
-0.01 

0110011
0001110
-0.01 

0110011
0100011
-0.01 

0110100
0001111
-0.01 

0110100
0011110
-0.01 

0110101
0010011
-0.01 

0110110
0001011
-0.01 

0110110
0001110
-0.01 

0110110
0111000
-0.01 

0110110
1101000
-0.01 

0110111
0001100
-0.01 

0110111
0100001
-0.01 

0111000
0011101
-0.01 

0111000
1011001
-0.01 

0111001
0001011
-0.01 

0111010
0000111
-0.01 

0111010
0011100
-0.01 

0111010
1011000
-0.01 

0111010
1100100
-0.01 

0111011
0000101
-0.01 

0111011
0010001
-0.01 

0111100
0011010
-0.01 

0111100
0101100
-0.01 

0111100
0110010
-0.01 

0111100
1010100
-0.01 

0111100
1100010
-0.01 

0111101
0000110
-0.01 

0111101
0001001
-0.01 

0111101
0001100
-0.01 

0111101
0011000
-0.01 

0111101
0110000
-0.01 

0111101
1100000
-0.01 

0111110
0000101
-0.01 

0111110
0001010
-0.01 

0111110
0010100
-0.01 

0111110
0101000
-0.01 

0111110
1010000
-0.01 

0111111
0001000
-0.01 

1000000
1111011
-0.01 

1000010
1111010
-0.01 

1000011
0011110
-0.01 

1000011
0110011
-0.01 

1000011
1001110
-0.01 

1000011
1100110
-0.01 

1000011
1101001
-0.01 

1000011
1110010
-0.01 

1000011
1111000
-0.01 

1000100
1110110
-0.01 

1000100
1111001
-0.01 

1000110
0011110
-0.01 

1000110
0100111
-0.01 

1000110
1100011
-0.01 

1000111
0010110
-0.01 

1000111
0011001
-0.01 

1000111
0100101
-0.01 

1000111
1001001
-0.01 

1000111
1110000
-0.01 

1001000
1101110
-0.01 

1001000
1110101
-0.01 

1001010
1110100
-0.01 

1001011
0001110
-0.01 

1001011
0100011
-0.01 

1001100
0001111
-0.01 

1001100
0011110
-0.01 

1001100
0111100
-0.01 

1001100
1110010
-0.01 

1001101
0001101
-0.01 

1001101
0010011
-0.01 

1001101
1000011
-0.01 

1001101
1110000
-0.01 

1001110
1101000
-0.01 

1001111
0001100
-0.01 

1001111
0100001
-0.01 

1001111
1000010
-0.01 

1010000
1011110
-0.01 

1010000
1101101
-0.01 

1010010
0001111
-0.01 

1010010
1101100
-0.01 

1010011
0001101
-0.01 

1010011
0010011
-0.01 

1010011
1000011
-0.01 

1010011
1100001
-0.01 

1010110
1100100
-0.01 

1010111
1000001
-0.01 

1011000
0011110
-0.01 

1011000
0111001
-0.01 

1011000
1100011
-0.01 

1011000
1100110
-0.01 

1011001
0000111
-0.01 

1011001
1011000
-0.01 

1011001
1100001
-0.01 

1011001
1100100
-0.01 

1011010
0111000
-0.01 

1011011
1100000
-0.01 

1011100
0000111
-0.01 

1011100
0110100
-0.01 

1011100
1001100
-0.01 

1011100
1100001
-0.01 

1011110
0000011
-0.01 

1011110
0000110
-0.01 

1011110
0001100
-0.01 

1011110
0011000
-0.01 

1011110
0110000
-0.01 

1011110
1001000
-0.01 

1011111
0000100
-0.01 

1100000
1011101
-0.01 

1100001
0001111
-0.01 

1100001
0100111
-0.01 

1100001
0110011
-0.01 

1100001
0111001
-0.01 

1100001
0111100
-0.01 

1100001
1001011
-0.01 

1100001
1100110
-0.01 

1100010
1000111
-0.01 

1100010
1011100
-0.01 

1100010
1100101
-0.01 

1100011
1000101
-0.01 

1100011
1010001
-0.01 

1100100
1011010
-0.01 

1100100
1100011
-0.01 

1100101
1000011
-0.01 

1100101
1011000
-0.01 

1100101
1100001
-0.01 

1100101
1100100
-0.01 

1100110
0111000
-0.01 

1100110
1100010
-0.01 

1100111
0000110
-0.01 

1100111
0001001
-0.01 

1100111
0100001
-0.01 

1100111
1000010
-0.01 

1101000
1010110
-0.01 

1101001
0111000
-0.01 

1101001
1100010
-0.01 

1101010
1100001
-0.01 

1101011
1000001
-0.01 

1101100
0101100
-0.01 

1101100
0110010
-0.01 

1101100
1001010
-0.01 

1101100
1010001
-0.01 

1101101
0000011
-0.01 

1101110
1000100
-0.01 

1101110
1010000
-0.01 

1101111
0000010
-0.01 

1110000
0011110
-0.01 

1110000
0101101
-0.01 

1110000
0110011
-0.01 

1110000
1001011
-0.01 

1110001
0000111
-0.01 

1110001
0110100
-0.01 

1110001
1001001
-0.01 

1110001
1001100
-0.01 

1110001
1010010
-0.01 

1110010
0101100
-0.01 

1110010
0110010
-0.01 

1110010
1010001
-0.01 

1110011
0100001
-0.01 

1110011
0110000
-0.01 

1110011
1000010
-0.01 

1110011
1001000
-0.01 

1110100
1000110
-0.01 

1110100
1001001
-0.01 

1110101
1000001
-0.01 

1110110
0011000
-0.01 

1110110
1000010
-0.01 

1110111
0000001
-0.01 

1110111
1000000
-0.01 

1111000
0001110
-0.01 

1111000
0100011
-0.01 

1111000
0100110
-0.01 

1111000
1000101
-0.01 

1111001
0011000
-0.01 

1111001
0100001
-0.01 

1111001
1000010
-0.01 

1111010
1000001
-0.01 

1111010
1000100
-0.01 

1111011
0100000
-0.01 

1111100
0010010
-0.01 

1111100
0100001
-0.01 

1111101
0010000
-0.01 

1111110
0001000
-0.01 

0000001
1110111
0.01 

0000010
1101111
0.01 

0000011
1011110
0.01 

0000011
1101101
0.01 

0000100
1011111
0.01 

0000101
0111011
0.01 

0000101
0111110
0.01 

0000110
0111101
0.01 

0000110
1011110
0.01 

0000110
1100111
0.01 

0000111
0111010
0.01 

0000111
1011001
0.01 

0000111
1110001
0.01 

0001000
0111111
0.01 

0001000
1111110
0.01 

0001001
0111101
0.01 

0001001
1100111
0.01 

0001010
0111110
0.01 

0001011
0110110
0.01 

0001011
0111001
0.01 

0001100
0110111
0.01 

0001100
0111101
0.01 

0001100
1001111
0.01 

0001100
1011110
0.01 

0001101
0101110
0.01 

0001101
1001101
0.01 

0001101
1010011
0.01 

0001110
0101101
0.01 

0001110
0110011
0.01 

0001110
0110110
0.01 

0001110
1001011
0.01 

0001110
1111000
0.01 

0001111
0110100
0.01 

0001111
1001100
0.01 

0001111
1010010
0.01 

0001111
1100001
0.01 

0010000
1111101
0.01 

0010001
0101111
0.01 

0010001
0111011
0.01 

0010010
1111100
0.01 

0010011
0101110
0.01 

0010011
0110101
0.01 

0010011
1001101
0.01 

0010011
1010011
0.01 

0010100
0111110
0.01 

0010101
0011110
0.01 

0010110
0011101
0.01 

0010110
1000111
0.01 

0010111
0101001
0.01 

0011000
0111101
0.01 

0011000
1011110
0.01 

0011000
1110110
0.01 

0011000
1111001
0.01 

0011001
0011101
0.01 

0011001
1000111
0.01 

0011010
0011011
0.01 

0011010
0011110
0.01 

0011010
0100111
0.01 

0011010
0111100
0.01 

0011011
0011100
0.01 

0011011
0100101
0.01 

0011100
0101110
0.01 

0011100
0111010
0.01 

0011101
0011010
0.01 

0011101
0100011
0.01 

0011101
0111000
0.01 

0011110
0011001
0.01 

0011110
0110100
0.01 

0011110
1000011
0.01 

0011110
1000110
0.01 

0011110
1001100
0.01 

0011110
1011000
0.01 

0011110
1110000
0.01 

0011111
0100010
0.01 

0100000
1111011
0.01 

0100001
0110111
0.01 

0100001
1001111
0.01 

0100001
1100111
0.01 

0100001
1110011
0.01 

0100001
1111001
0.01 

0100001
1111100
0.01 

0100011
0011110
0.01 

0100011
0110011
0.01 

0100011
1001011
0.01 

0100100
0011111
0.01 

0100101
1000111
0.01 

0100110
0011011
0.01 

0100110
0011110
0.01 

0100110
0100111
0.01 

0100110
1111000
0.01 

0100111
0011001
0.01 

0100111
0011100
0.01 

0100111
1000110
0.01 

0100111
1100001
0.01 

0101000
0111110
0.01 

0101001
0011011
0.01 

0101100
0011110
0.01 

0101100
0111100
0.01 

0101100
1101100
0.01 

0101100
1110010
0.01 

0101101
0010011
0.01 

0101101
1110000
0.01 

0101111
0010010
0.01 

0101111
0100001
0.01 

0110000
0111101
0.01 

0110000
1011110
0.01 

0110000
1110011
0.01 

0110001
0010111
0.01 

0110010
0001111
0.01 

0110010
0111100
0.01 

0110010
1101100
0.01 

0110010
1110010
0.01 

0110011
0001101
0.01 

0110011
1000011
0.01 

0110011
1100001
0.01 

0110011
1110000
0.01 

0110100
1011100
0.01 

0110100
1110001
0.01 

0110101
0001011
0.01 

0110111
0001010
0.01 

0110111
0010001
0.01 

0111000
0001111
0.01 

0111000
0110110
0.01 

0111000
1011010
0.01 

0111000
1100110
0.01 

0111000
1101001
0.01 

0111001
0011100
0.01 

0111001
1011000
0.01 

0111001
1100001
0.01 

0111011
0000110
0.01 

0111011
0001001
0.01 

0111100
0000111
0.01 

0111100
0001101
0.01 

0111100
0010110
0.01 

0111100
0011001
0.01 

0111100
0110001
0.01 

0111100
1001100
0.01 

0111100
1100001
0.01 

0111101
0000101
0.01 

0111111
0000100
0.01 

1000000
1110111
0.01 

1000001
0101111
0.01 

1000001
1010111
0.01 

1000001
1101011
0.01 

1000001
1110101
0.01 

1000001
1111010
0.01 

1000010
0011111
0.01 

1000010
1001111
0.01 

1000010
1100111
0.01 

1000010
1110011
0.01 

1000010
1110110
0.01 

1000010
1111001
0.01 

1000011
0011101
0.01 

1000011
0101011
0.01 

1000011
1001101
0.01 

1000011
1010011
0.01 

1000011
1100101
0.01 

1000100
1101110
0.01 

1000100
1111010
0.01 

1000101
0011011
0.01 

1000101
0100111
0.01 

1000101
1100011
0.01 

1000101
1111000
0.01 

1000110
1110100
0.01 

1000111
0100110
0.01 

1000111
1100010
0.01 

1001000
1011110
0.01 

1001000
1110011
0.01 

1001001
0010111
0.01 

1001001
1000111
0.01 

1001001
1110001
0.01 

1001001
1110100
0.01 

1001010
1101100
0.01 

1001011
1100001
0.01 

1001011
1110000
0.01 

1001100
1011100
0.01 

1001100
1110001
0.01 

1001101
0001110
0.01 

1001110
0001101
0.01 

1001110
0011100
0.01 

1001110
1000011
0.01 

1001111
0010001
0.01 

1010000
0111110
0.01 

1010000
1101110
0.01 

1010001
0001111
0.01 

1010001
1100011
0.01 

1010001
1101100
0.01 

1010001
1110010
0.01 

1010010
1110001
0.01 

1010011
0100011
0.01 

1010100
0111100
0.01 

1010110
1101000
0.01 

1010111
0001001
0.01 

1011000
0111010
0.01 

1011000
1011001
0.01 

1011000
1100101
0.01 

1011001
0111000
0.01 

1011010
0000111
0.01 

1011010
1100100
0.01 

1011011
0000101
0.01 

1011100
0001110
0.01 

1011100
0101100
0.01 

1011100
1100010
0.01 

1011101
0000011
0.01 

1011101
1100000
0.01 

1011110
1010000
0.01 

1011111
0000010
0.01 

1100000
0111101
0.01 

1100000
1011011
0.01 

1100001
1010011
0.01 

1100001
1011001
0.01 

1100001
1011100
0.01 

1100001
1100101
0.01 

1100001
1101010
0.01 

1100010
0111100
0.01 

1100010
1100110
0.01 

1100010
1101001
0.01 

1100011
0001101
0.01 

1100011
0010011
0.01 

1100011
0110001
0.01 

1100011
1000110
0.01 

1100011
1011000
0.01 

1100011
1100100
0.01 

1100100
0111010
0.01 

1100100
1010110
0.01 

1100100
1011001
0.01 

1100100
1100101
0.01 

1100101
1100010
0.01 

1100110
0000111
0.01 

1100110
1000011
0.01 

1100110
1011000
0.01 

1100110
1100001
0.01 

1101000
0110110
0.01 

1101000
1001110
0.01 

1101001
0000111
0.01 

1101001
1000011
0.01 

1101100
0011100
0.01 

1101100
1010010
0.01 

1101101
1010000
0.01 

1101110
0110000
0.01 

1101110
1001000
0.01 

1101111
0000001
0.01 

1110000
0101110
0.01 

1110000
1000111
0.01 

1110000
1001101
0.01 

1110001
0100011
0.01 

1110001
0110010
0.01 

1110010
0011100
0.01 

1110010
0110001
0.01 

1110010
1000011
0.01 

1110010
1001100
0.01 

1110100
1001010
0.01 

1110101
1001000
0.01 

1110110
0101000
0.01 

1110110
1000100
0.01 

1111000
0010110
0.01 

1111000
0011001
0.01 

1111000
0100101
0.01 

1111000
1000011
0.01 

1111001
1000100
0.01 

1111010
0100100
0.01 

1111010
1000010
0.01 

1111011
1000000
0.01 

1111100
0100010
0.01 

1111101
0100000
0.01 

1111110
0010000
0.01 

0000101
1011101
0.02 

0000101
1101011
0.02 

0000110
1011011
0.02 

0000111
1011100
0.02 

0001001
1011011
0.02 

0001010
0111011
0.02 

0001010
1010111
0.02 

0001011
0111100
0.02 

0001011
1010101
0.02 

0001101
0110101
0.02 

0001110
0111001
0.02 

0001110
1100011
0.02 

0010001
1010111
0.02 

0010010
0110111
0.02 

0010010
1001111
0.02 

0010100
0101111
0.02 

0010100
1111010
0.02 

0010101
0110011
0.02 

0010101
1001011
0.02 

0010110
0101011
0.02 

0010110
0101110
0.02 

0010111
0101100
0.02 

0010111
0110010
0.02 

0010111
1010001
0.02 

0011001
0101011
0.02 

0011011
0110001
0.02 

0011011
1000110
0.02 

0011011
1001001
0.02 

0011100
1000111
0.02 

0011100
1110001
0.02 

0011101
0101100
0.02 

0011101
1000101
0.02 

0011110
0100101
0.02 

0011111
1000100
0.02 

0100010
0101111
0.02 

0100010
1111010
0.02 

0100011
0101101
0.02 

0100011
1111000
0.02 

0100100
1110110
0.02 

0100100
1111001
0.02 

0100101
0011101
0.02 

0100111
0110001
0.02 

0101000
1101110
0.02 

0101000
1110101
0.02 

0101001
0100111
0.02 

0101010
0010111
0.02 

0101010
1110100
0.02 

0101011
0010101
0.02 

0101101
0011100
0.02 

0101101
1000011
0.02 

0101110
0100011
0.02 

0101110
0111000
0.02 

0101110
1101000
0.02 

0101111
1000010
0.02 

0110000
1101101
0.02 

0110001
1000111
0.02 

0110011
0010110
0.02 

0110011
0011001
0.02 

0110011
0110001
0.02 

0110100
0111010
0.02 

0110100
1101010
0.02 

0110101
0001110
0.02 

0110101
0111000
0.02 

0110110
0010011
0.02 

0110110
0011100
0.02 

0110110
1100100
0.02 

0110111
1000001
0.02 

0111000
1001110
0.02 

0111000
1100011
0.02 

0111001
0001101
0.02 

0111001
0010011
0.02 

0111001
0011001
0.02 

0111001
0110001
0.02 

0111001
1100100
0.02 

0111010
0001011
0.02 

0111010
0001110
0.02 

0111010
1100010
0.02 

0111011
0001100
0.02 

0111011
0110000
0.02 

0111011
1100000
0.02 

0111100
1010010
0.02 

0111101
1010000
0.02 

0111110
0001001
0.02 

0111110
1001000
0.02 

1000011
1110100
0.02 

1000100
1110101
0.02 

1000101
1001011
0.02 

1000110
1110001
0.02 

1000111
0011010
0.02 

1000111
0101001
0.02 

1000111
1001010
0.02 

1000111
1010001
0.02 

1001000
1101101
0.02 

1001010
1110010
0.02 

1001011
0011001
0.02 

1001100
1101010
0.02 

1001101
1101000
0.02 

1001110
0010011
0.02 

1001110
1000110
0.02 

1001110
1001100
0.02 

1001110
1011000
0.02 

1001110
1100100
0.02 

1001111
1000100
0.02 

1010000
1011101
0.02 

1010000
1101011
0.02 

1010001
1101001
0.02 

1010010
1011100
0.02 

1010011
0001110
0.02 

1010011
1100010
0.02 

1010011
1101000
0.02 

1010100
1100110
0.02 

1010100
1101001
0.02 

1010110
0001110
0.02 

1010110
0111000
0.02 

1011000
1010110
0.02 

1011001
0001011
0.02 

1011010
0011100
0.02 

1011010
1100001
0.02 

1011100
0011010
0.02 

1011100
1010001
0.02 

1011110
0000101
0.02 

1100001
0010111
0.02 

1100010
0001111
0.02 

1100010
1011010
0.02 

1100011
0100101
0.02 

1100011
1001001
0.02 

1100011
1010010
0.02 

1100101
0001011
0.02 

1100101
0100011
0.02 

1100101
0111000
0.02 

1100110
0110100
0.02 

1100110
1000110
0.02 

1100110
1001100
0.02 

1100111
0010001
0.02 

1101000
0011110
0.02 

1101000
1010101
0.02 

1101001
1001100
0.02 

1101010
1010100
0.02 

1101100
0110001
0.02 

1101100
1000110
0.02 

1101100
1001001
0.02 

1101110
0000011
0.02 

1101110
0000110
0.02 

1101110
0011000
0.02 

1110000
0011101
0.02 

1110001
0101001
0.02 

1110001
0101100
0.02 

1110001
1000101
0.02 

1110001
1001010
0.02 

1110010
1000110
0.02 

1110011
1000100
0.02 

1110100
0011010
0.02 

1110100
0100110
0.02 

1110100
1000101
0.02 

1110110
1000001
0.02 

1111001
0010001
0.02 

1111010
0100001
0.02 

1111100
0010001
0.02 

0000011
1111001
0.03 

0000110
1111100
0.03 

0000111
1101010
0.03 

0001101
1011100
0.03 

0001110
1100110
0.03 

0001110
1101100
0.03 

0010011
1110001
0.03 

0010101
0101101
0.03 

0010101
1111000
0.03 

0010111
1001010
0.03 

0011001
1110001
0.03 

0011101
0100110
0.03 

0011101
0101001
0.03 

0011110
0101010
0.03 

0011111
0101000
0.03 

0100011
1110010
0.03 

0100101
0101011
0.03 

0100111
0101010
0.03 

0100111
1001001
0.03 

0101101
0011001
0.03 

0101110
0011010
0.03 

0101110
0100110
0.03 

0101110
0101100
0.03 

0101111
0011000
0.03 

0110000
0011111
0.03 

0110011
0100101
0.03 

0110101
0100011
0.03 

0110101
1101000
0.03 

0110110
0001101
0.03 

0110110
0010110
0.03 

0110110
0110100
0.03 

0110110
1011000
0.03 

0110111
0100010
0.03 

0111000
0011011
0.03 

0111000
0110011
0.03 

0111001
0110100
0.03 

0111010
0011010
0.03 

0111010
0101100
0.03 

0111010
0110010
0.03 

0111011
0011000
0.03 

0111011
0100001
0.03 

0111100
0101010
0.03 

0111101
0010001
0.03 

0111101
0010100
0.03 

0111101
0101000
0.03 

0111110
0010010
0.03 

0111110
0100100
0.03 

0111111
0010000
0.03 

1000011
0101110
0.03 

1000101
0011110
0.03 

1001011
0010110
0.03 

1001011
1000110
0.03 

1001011
1001001
0.03 

1001100
1000111
0.03 

1001101
0100011
0.03 

1001101
1000101
0.03 

1001110
0010110
0.03 

1001111
0010100
0.03 

1001111
0100010
0.03 

1010001
0111100
0.03 

1010010
1101010
0.03 

1010011
1000101
0.03 

1010011
1010001
0.03 

1010100
0001111
0.03 

1010100
1011010
0.03 

1010101
0001101
0.03 

1010101
1000011
0.03 

1010101
1011000
0.03 

1010101
1100001
0.03 

1010110
0001011
0.03 

1010110
1100010
0.03 

1010111
0001100
0.03 

1010111
1000010
0.03 

1010111
1100000
0.03 

1011000
0011101
0.03 

1011001
1010001
0.03 

1011001
1100010
0.03 

1011010
1001100
0.03 

1011011
1000001
0.03 

1011100
0110010
0.03 

1011100
1001010
0.03 

1011101
0000110
0.03 

1011101
0001001
0.03 

1011101
0001100
0.03 

1011101
0011000
0.03 

1011101
0110000
0.03 

1011101
1001000
0.03 

1011110
0001010
0.03 

1011110
0010100
0.03 

1011110
1000100
0.03 

1011111
0001000
0.03 

1100000
1001111
0.03 

1100001
0111010
0.03 

1100010
0100111
0.03 

1100100
1000111
0.03 

1100101
1000101
0.03 

1100101
1010001
0.03 

1100110
1010010
0.03 

1100111
0001010
0.03 

1100111
0100010
0.03 

1100111
1000100
0.03 

1100111
1010000
0.03 

1101001
0110001
0.03 

1101001
0110100
0.03 

1101001
1001001
0.03 

1101011
0000110
0.03 

1101011
0100001
0.03 

1101011
0110000
0.03 

1101011
1000010
0.03 

1101101
1000001
0.03 

1101110
0001100
0.03 

1101110
1000010
0.03 

1101111
0000100
0.03 

1101111
1000000
0.03 

1110000
0101011
0.03 

1110010
0101010
0.03 

1110010
1001001
0.03 

1110011
0000101
0.03 

1110011
0010001
0.03 

1110011
0100010
0.03 

1110011
0101000
0.03 

1110100
0101001
0.03 

1110101
0000011
0.03 

1110101
0011000
0.03 

1110101
0100001
0.03 

1110110
0100010
0.03 

1110111
0000010
0.03 

1110111
0100000
0.03 

1111001
0010100
0.03 

1111001
0100010
0.03 

1111010
0001100
0.03 

1111011
0000001
0.03 

1111011
0010000
0.03 

1111100
0001010
0.03 

1111101
0001000
0.03 

1111110
0000100
0.03 

0000011
1110110
0.04 

0001001
1111100
0.04 

0001011
1011010
0.04 

0001011
1100110
0.04 

0001011
1101001
0.04 

0001100
1100111
0.04 

0001101
0111010
0.04 

0001101
1011001
0.04 

0001101
1100101
0.04 

0001110
1011010
0.04 

0001111
1011000
0.04 

0001111
1100100
0.04 

0010011
0111010
0.04 

0010101
0111100
0.04 

0010101
1100011
0.04 

0010110
1011100
0.04 

0010110
1110100
0.04 

0011000
1110011
0.04 

0011001
1011100
0.04 

0011001
1110100
0.04 

0011010
1110010
0.04 

0011011
0101010
0.04 

0011011
1110000
0.04 

0011100
0101011
0.04 

0011100
1001101
0.04 

0011100
1011001
0.04 

0011100
1101010
0.04 

0100011
0110110
0.04 

0100011
0111001
0.04 

0100011
1001110
0.04 

0100011
1100110
0.04 

0100011
1101001
0.04 

0100101
1110001
0.04 

0100101
1110100
0.04 

0100110
0111100
0.04 

0100110
1100011
0.04 

0100110
1110010
0.04 

0100111
1110000
0.04 

0101001
0011110
0.04 

0101001
0111100
0.04 

0101011
0011010
0.04 

0101011
0100110
0.04 

0101011
0101001
0.04 

0101011
1000101
0.04 

0101100
0100111
0.04 

0101110
0010101
0.04 

0101111
0100100
0.04 

0110001
0011101
0.04 

0110001
1011100
0.04 

0110010
0011110
0.04 

0110010
0100111
0.04 

0110010
1100011
0.04 

0110100
0010111
0.04 

0110100
0011101
0.04 

0110101
0010101
0.04 

0110111
0010100
0.04 

0111000
0101101
0.04 

0111010
1010100
0.04 

0111011
0010010
0.04 

0111101
0001010
0.04 

1000011
0110101
0.04 

1000011
1010110
0.04 

1000011
1011001
0.04 

1000011
1101010
0.04 

1000101
1101100
0.04 

1000101
1110010
0.04 

1000110
0011101
0.04 

1000110
1011100
0.04 

1001000
0011111
0.04 

1001001
0011101
0.04 

1001001
1011100
0.04 

1001010
0011110
0.04 

1001010
0111100
0.04 

1001100
0010111
0.04 

1001100
0011101
0.04 

1001101
0010101
0.04 

1010001
0011011
0.04 

1010001
0100111
0.04 

1010010
0010111
0.04 

1010010
1000111
0.04 

1010011
0010101
0.04 

1010100
0011110
0.04 

1010100
1100011
0.04 

1010101
0010011
0.04 

1010101
1100100
0.04 

1010110
1010100
0.04 

1010111
0010010
0.04 

1010111
0100001
0.04 

1011000
0101110
0.04 

1011000
1001101
0.04 

1011000
1010011
0.04 

1011001
1010100
0.04 

1011011
0001010
0.04 

1011011
0010001
0.04 

1011011
1010000
0.04 

1011110
0101000
0.04 

1100000
0110111
0.04 

1100001
0101011
0.04 

1100001
0110101
0.04 

1100001
1001101
0.04 

1100001
1010110
0.04 

1100010
0110011
0.04 

1100010
0110110
0.04 

1100010
0111001
0.04 

1100010
1001011
0.04 

1100010
1001110
0.04 

1100100
0101110
0.04 

1100101
1010100
0.04 

1101000
0101101
0.04 

1101000
0110011
0.04 

1101000
1001011
0.04 

1101010
0101100
0.04 

1101010
0110010
0.04 

1101010
1001010
0.04 

1101010
1010001
0.04 

1101011
0001001
0.04 

1101011
1001000
0.04 

1101100
0000111
0.04 

1101100
0101010
0.04 

1101101
0000101
0.04 

1101101
0101000
0.04 

1101101
1000100
0.04 

1101110
0100100
0.04 

1110010
0000111
0.04 

1110101
0100100
0.04 

1110101
1000010
0.04 

1110110
0010100
0.04 

1111000
0001101
0.04 

1111000
0010011
0.04 

1111010
0010010
0.04 

0000101
1101110
0.05 

0000110
1110011
0.05 

0001001
1011110
0.05 

0001100
1111001
0.05 

0001110
1010101
0.05 

0010001
0111110
0.05 

0010001
1111010
0.05 

0010011
1010110
0.05 

0010011
1011001
0.05 

0010011
1100101
0.05 

0010110
0111010
0.05 

0010111
0111000
0.05 

0010111
1100010
0.05 

0011000
1001111
0.05 

0011001
0101110
0.05 

0011001
0111010
0.05 

0011001
1010011
0.05 

0011010
0110011
0.05 

0011010
0111001
0.05 

0011010
1001110
0.05 

0011010
1101100
0.05 

0011011
1100001
0.05 

0011100
0110101
0.05 

0011100
1010110
0.05 

0011101
1101000
0.05 

0011110
1100100
0.05 

0100001
1110110
0.05 

0100110
1101100
0.05 

0101001
1100011
0.05 

0101001
1101100
0.05 

0101010
1000111
0.05 

0101010
1110001
0.05 

0101100
0011011
0.05 

0101100
0111001
0.05 

0101100
1001110
0.05 

0101100
1100110
0.05 

0101101
0010110
0.05 

0101101
0100101
0.05 

0110000
1100111
0.05 

0110001
0111010
0.05 

0110001
1010011
0.05 

0110001
1100101
0.05 

0110010
0011011
0.05 

0110100
0101110
0.05 

0111000
1010101
0.05 

0111100
0010011
0.05 

1000001
0111011
0.05 

1000001
1101110
0.05 

1000010
0110111
0.05 

1000100
0101111
0.05 

1000100
0111110
0.05 

1000101
0110011
0.05 

1000101
1001110
0.05 

1000101
1100110
0.05 

1000101
1101001
0.05 

1000110
0101110
0.05 

1000110
1010011
0.05 

1000110
1100101
0.05 

1000111
1101000
0.05 

1001000
0111101
0.05 

1001010
0011011
0.05 

1001010
1100011
0.05 

1001011
0100101
0.05 

1001100
0101110
0.05 

1001100
0111010
0.05 

1001100
1100101
0.05 

1010000
0111011
0.05 

1010001
0110011
0.05 

1010001
0111001
0.05 

1010001
1001011
0.05 

1010001
1100110
0.05 

1011010
0110100
0.05 

1011010
1010010
0.05 

1011100
0001011
0.05 

1100100
0110101
0.05 

1100100
1001101
0.05 

1100100
1010011
0.05 

1101001
1010010
0.05 

1101100
1000011
0.05 

1110001
0001011
0.05 

1110100
0001110
0.05 

1110100
0100011
0.05 

0001001
1110011
0.06 

0001100
1011011
0.06 

0001100
1110110
0.06 

0001101
1010110
0.06 

0010010
1100111
0.06 

0010101
0111001
0.06 

0010101
1001110
0.06 

0010110
1010011
0.06 

0011000
0110111
0.06 

0011000
1101101
0.06 

0011001
1001101
0.06 

0011001
1011001
0.06 

0011010
1001011
0.06 

0011110
0110001
0.06 

0100100
1110011
0.06 

0100110
0110011
0.06 

0100110
1001110
0.06 

0100110
1100110
0.06 

0101001
1110010
0.06 

0101100
1101001
0.06 

0110001
0101011
0.06 

0110001
1011001
0.06 

0110001
1101010
0.06 

0110010
0110011
0.06 

0110010
0111001
0.06 

0110010
1100110
0.06 

0110011
0011100
0.06 

0110100
1100101
0.06 

0111001
1000011
0.06 

0111100
1000110
0.06 

1000110
0101011
0.06 

1000110
1001101
0.06 

1000110
1101010
0.06 

1000111
0110010
0.06 

1001000
1100111
0.06 

1001010
0100111
0.06 

1001011
0011100
0.06 

1001100
1001101
0.06 

1001100
1011001
0.06 

1001101
0111000
0.06 

1001110
1100001
0.06 

1010100
0111001
0.06 

1010100
1001110
0.06 

1011000
0110101
0.06 

1011001
0001110
0.06 

1100011
0010110
0.06 

1100011
0011001
0.06 

1100011
0110100
0.06 

1100011
1001100
0.06 

1100110
0011100
0.06 

1101001
0011100
0.06 

1110001
0100110
0.06 

0000000
1111111
0.07 

0000001
1111101
0.07 

0000010
1111110
0.07 

0000110
1101101
0.07 

0000110
1110110
0.07 

0001001
1111001
0.07 

0010010
1111001
0.07 

0010101
0110110
0.07 

0010110
1001101
0.07 

0011001
0110101
0.07 

0011010
0110110
0.07 

0011110
1001001
0.07 

0100000
0111111
0.07 

0100100
1001111
0.07 

0100101
0101110
0.07 

0100110
1001011
0.07 

0101001
0110011
0.07 

0101001
0111001
0.07 

0101100
0110110
0.07 

0110000
0110111
0.07 

0110000
1011011
0.07 

0110001
0110101
0.07 

0110010
1101001
0.07 

0110100
1011001
0.07 

0110110
1000011
0.07 

0110110
1100001
0.07 

0111100
1001001
0.07 

1000000
1011111
0.07 

1000101
0101101
0.07 

1000110
1010110
0.07 

1000111
0101100
0.07 

1001000
1001111
0.07 

1001001
0101011
0.07 

1001001
1010011
0.07 

1001001
1100101
0.07 

1001001
1101010
0.07 

1001010
1001110
0.07 

1001010
1100110
0.07 

1001100
1010110
0.07 

1010001
1011010
0.07 

1010010
0111010
0.07 

1010011
0111000
0.07 

1010100
0110110
0.07 

1100101
0001110
0.07 

1110001
0011010
0.07 

0000010
1111011
0.08 

0000100
1110111
0.08 

0000100
1111101
0.08 

0001000
1101111
0.08 

0001000
1111011
0.08 

0001100
1101101
0.08 

0010000
1011111
0.08 

0010000
1110111
0.08 

0010001
1101011
0.08 

0010010
0111101
0.08 

0010010
1110011
0.08 

0010100
0111011
0.08 

0010100
1101110
0.08 

0010110
0110101
0.08 

0010110
1010110
0.08 

0011000
1011011
0.08 

0011010
1011010
0.08 

0011011
1001100
0.08 

0011011
1011000
0.08 

0100000
1101111
0.08 

0100001
0111101
0.08 

0100001
1011011
0.08 

0100010
0111110
0.08 

0100011
1010101
0.08 

0100100
1011110
0.08 

0100100
1100111
0.08 

0100101
1100101
0.08 

0100110
0110110
0.08 

0100111
1001100
0.08 

0100111
1100100
0.08 

0101001
1001011
0.08 

0101001
1101001
0.08 

0101010
0011101
0.08 

0101010
1011100
0.08 

0101100
0101101
0.08 

0110010
0110110
0.08 

0110011
1000110
0.08 

0110011
1011000
0.08 

0110011
1100100
0.08 

0110100
0110101
0.08 

0110100
1010110
0.08 

0111001
1001100
0.08 

1000001
1011101
0.08 

1000010
1011110
0.08 

1000010
1101101
0.08 

1000100
1101011
0.08 

1001001
1001101
0.08 

1001001
1011001
0.08 

1001010
1001011
0.08 

1001010
1101001
0.08 

1001110
0011001
0.08 

1010010
1010011
0.08 

1100010
1010101
0.08 

1100110
0001101
0.08 

1100110
0010011
0.08 

1100110
0110001
0.08 

1101100
0001101
0.08 

1101100
0011001
0.08 

1110010
0010011
0.08 

1110010
0011001
0.08 

0000101
1110101
0.09 

0000111
1110100
0.09 

0001001
1101101
0.09 

0001010
1011101
0.09 

0001010
1101110
0.09 

0001010
1111010
0.09 

0001011
1111000
0.09 

0010001
1011101
0.09 

0010001
1110101
0.09 

0010010
1011110
0.09 

0010010
1110110
0.09 

0011010
0101101
0.09 

0011111
1010000
0.09 

0100001
1101101
0.09 

0100010
0111011
0.09 

0100010
1010111
0.09 

0100010
1101110
0.09 

0100010
1110101
0.09 

0100100
0110111
0.09 

0100100
0111101
0.09 

0100101
1001101
0.09 

0100101
1010011
0.09 

0100110
0101101
0.09 

0101000
0101111
0.09 

0101000
0111011
0.09 

0101000
1011101
0.09 

0101100
1011010
0.09 

0101111
1100000
0.09 

0110010
1011010
0.09 

0111001
0010110
0.09 

1000010
1011011
0.09 

1000100
1010111
0.09 

1000100
1011101
0.09 

1001000
1011011
0.09 

1001011
0110001
0.09 

1001110
0110100
0.09 

1010000
1010111
0.09 

1010010
1011001
0.09 

1010010
1100101
0.09 

1101000
0001111
0.09 

1101001
1000110
0.09 

1110000
0010111
0.09 

1111010
0000011
0.09 

1111100
0000101
0.09 

0001010
1101011
0.1 

0010100
1010111
0.1 

0010100
1011101
0.1 

0010100
1110101
0.1 

0010111
1010100
0.1 

0011011
0110100
0.1 

0011101
0110010
0.1 

0011101
1010001
0.1 

0011110
1010010
0.1 

0100010
1101011
0.1 

0100101
0110101
0.1 

0100111
0110100
0.1 

0101000
1101011
0.1 

0101001
0101101
0.1 

0101010
0101110
0.1 

0101010
0111010
0.1 

0101011
0111000
0.1 

0101011
1101000
0.1 

0101101
1100001
0.1 

0101110
1000101
0.1 

0101110
1100010
0.1 

0110011
1001001
0.1 

0110110
0011001
0.1 

0110110
1001100
0.1 

0111010
0100011
0.1 

0111010
1010001
0.1 

0111100
0100101
0.1 

1000101
1010101
0.1 

1000111
1010100
0.1 

1001010
1011010
0.1 

1001011
1011000
0.1 

1001011
1100100
0.1 

1001101
1100010
0.1 

1010001
1010101
0.1 

1010010
1010110
0.1 

1011001
0100011
0.1 

1011010
1000011
0.1 

1011100
0100110
0.1 

1011100
1000101
0.1 

1100110
1001001
0.1 

1101001
0001101
0.1 

1101001
0010011
0.1 

1101010
0001011
0.1 

1101010
0001110
0.1 

1101100
0010110
0.1 

1110001
0010101
0.1 

1110010
0010110
0.1 

1110100
0010101
0.1 

0000011
1111100
0.11 

0001111
1110000
0.11 

0010010
1011011
0.11 

0100100
1101101
0.11 

0110011
0110100
0.11 

1001011
1001100
0.11 

1100000
0011111
0.11 

1100110
0010110
0.11 

1101001
0011001
0.11 

1111000
0000111
0.11 

0001101
1110001
0.12 

0001110
1110010
0.12 

0010101
1010101
0.12 

0011011
1010010
0.12 

0011101
1001010
0.12 

0011101
1010100
0.12 

0100011
0111100
0.12 

0100111
1010010
0.12 

0101010
0101011
0.12 

0101010
1101010
0.12 

0101011
1100010
0.12 

0101101
1011000
0.12 

0101101
1100100
0.12 

0110101
1100010
0.12 

0110110
0110001
0.12 

0110110
1000110
0.12 

0111000
0100111
0.12 

0111001
1001001
0.12 

0111111
1000000
0.12 

1000011
1011100
0.12 

1001110
1001001
0.12 

1010100
1010101
0.12 

1010110
0100011
0.12 

1011000
1000111
0.12 

1011010
0001101
0.12 

1011010
0010011
0.12 

1011100
0010101
0.12 

1011100
0101001
0.12 

1100001
0011101
0.12 

1100010
0011110
0.12 

1101010
0100011
0.12 

1101100
0100101
0.12 

1110010
0100101
0.12 

1111110
0000001
0.12 

0101101
1000110
0.13 

0101111
0110000
0.13 

0111001
1010010
0.13 

0111101
1000001
0.13 

0111110
0100001
0.13 

0111110
1000010
0.13 

1001110
0100101
0.13 

1001111
1010000
0.13 

1010101
0011100
0.13 

1011010
0110001
0.13 

1011110
1000001
0.13 

1100011
0101010
0.13 

1111001
0000101
0.13 

1111010
0000110
0.13 

0001011
1101100
0.14 

0001011
1110010
0.14 

0001101
1110100
0.14 

0010011
1011100
0.14 

0010011
1110100
0.14 

0100011
1101100
0.14 

0101101
0110001
0.14 

0101101
1001100
0.14 

0101110
0110010
0.14 

0110011
1010010
0.14 

0110111
1000100
0.14 

0111001
0100101
0.14 

0111010
0100110
0.14 

0111011
1001000
0.14 

1001101
1010001
0.14 

1001110
1010010
0.14 

1010011
0011010
0.14 

1011000
0010111
0.14 

1011001
1000101
0.14 

1011010
0011001
0.14 

1011010
1000110
0.14 

1100010
0011011
0.14 

1100100
0010111
0.14 

1100100
0011101
0.14 

1100101
0101100
0.14 

1100110
0100101
0.14 

1100111
0010100
0.14 

1101000
0011011
0.14 

1101000
0100111
0.14 

1101011
0001100
0.14 

1101011
0011000
0.14 

1101110
0001001
0.14 

1110011
0010100
0.14 

1110110
0010001
0.14 

0001110
1101001
0.15 

0010110
1110001
0.15 

0011010
1100011
0.15 

0011100
1010011
0.15 

0011100
1100101
0.15 

0101011
0101100
0.15 

0101011
1010001
0.15 

0101100
1100011
0.15 

0101110
1010100
0.15 

0101111
1001000
0.15 

0110100
1000111
0.15 

0110111
1010000
0.15 

0111000
1001011
0.15 

0111010
0010101
0.15 

0111011
1000010
0.15 

0111101
1000100
0.15 

1001101
0011010
0.15 

1001101
0101100
0.15 

1010011
0100110
0.15 

1010011
0110010
0.15 

1010011
1010100
0.15 

1011001
0011010
0.15 

1011001
0101100
0.15 

1011110
0010001
0.15 

1100101
0010101
0.15 

1100101
0100110
0.15 

1100101
0110010
0.15 

1101010
0011010
0.15 

1101010
1000101
0.15 

1101110
0100001
0.15 

1110110
0000101
0.15 

1111010
0001001
0.15 

0101011
0110010
0.16 

0101101
0110100
0.16 

0101110
0101001
0.16 

0110101
1000101
0.16 

0111010
1001010
0.16 

1001011
1010010
0.16 

1001101
0100110
0.16 

1001101
1010100
0.16 

1010110
1010001
0.16 

1010111
0011000
0.16 

1011001
0010101
0.16 

1011001
0110010
0.16 

1011010
0010110
0.16 

1100111
0101000
0.16 

1101001
0100101
0.16 

1101010
0100110
0.16 

1110011
0001010
0.16 

1110101
0001100
0.16 

0101101
1001001
0.17 

0101110
1001010
0.17 

0110101
1010001
0.17 

0110110
0100101
0.17 

0110110
1010010
0.17 

0111010
0101001
0.17 

1000011
0111010
0.17 

1000101
0111100
0.17 

1001111
0101000
0.17 

1010001
0011110
0.17 

1010110
1000101
0.17 

1010111
0110000
0.17 

1011010
1001001
0.17 

1100001
0101110
0.17 

1110101
0000110
0.17 

1111001
0001010
0.17 

0110101
0101100
0.18 

1010011
1001010
0.18 

1010110
0011010
0.18 

1100011
0011100
0.18 

1100101
0101001
0.18 

1101111
0010000
0.18 

1111011
0000100
0.18 

0001100
1110011
0.19 

0011000
1100111
0.19 

0101011
1001010
0.19 

0110011
0101010
0.19 

0110101
0011010
0.19 

0110101
0100110
0.19 

0110101
1010100
0.19 

0111001
0101010
0.19 

0111011
0100100
0.19 

1001101
0101001
0.19 

1001110
0101010
0.19 

1010011
0101001
0.19 

1010101
0011001
0.19 

1010101
0110001
0.19 

1010101
1000110
0.19 

1010101
1001100
0.19 

1010110
0010101
0.19 

1010110
0101100
0.19 

1010110
0110010
0.19 

1011001
1001010
0.19 

1011011
1000100
0.19 

1100101
1001010
0.19 

1100110
0101010
0.19 

1101010
0101001
0.19 

1101101
0010001
0.19 

1101110
0010010
0.19 

1110111
0001000
0.19 

0000110
1111001
0.2 

0011110
1100001
0.2 

0110000
1001111
0.2 

0111100
1000011
0.2 

1000111
0111000
0.2 

1001011
0101010
0.2 

1010101
0010110
0.2 

1010101
0110100
0.2 

1011111
0100000
0.2 

1101001
0101010
0.2 

1110001
0001110
0.2 

1111101
0000010
0.2 

0011001
1100101
0.21 

0011010
1100110
0.21 

0101100
0110011
0.21 

0110101
0110010
0.21 

1000001
0111110
0.21 

1001100
1010011
0.21 

1001101
1001010
0.21 

1010110
0100110
0.21 

1011001
0101001
0.21 

0100110
0111001
0.22 

0110001
1001101
0.22 

0110010
1001110
0.22 

0110111
0101000
0.22 

0111101
0100010
0.22 

1000110
1011001
0.22 

1010111
1001000
0.22 

1011101
0100001
0.22 

1011101
1000010
0.22 

1011110
0100010
0.22 

1110101
0001001
0.22 

1110110
0001010
0.22 

0110001
0101110
0.23 

1000101
0111001
0.23 

1000110
0111010
0.23 

1010001
1001110
0.23 

1011011
0010100
0.23 

1101011
0010010
0.23 

1101011
0100100
0.23 

1101101
0010100
0.23 

0010110
1011001
0.25 

0010110
1100101
0.25 

0011010
1101001
0.25 

0100110
1101001
0.25 

0101100
1001011
0.25 

0110010
1001011
0.25 

0110100
1001101
0.25 

0110100
1010011
0.25 

0110101
0101001
0.25 

0110110
0101010
0.25 

1010101
1001001
0.25 

1010110
1001010
0.25 

1010111
0100100
0.25 

1011011
0100010
0.25 

1011011
0101000
0.25 

1011101
0010010
0.25 

1011101
0100100
0.25 

1101101
0001010
0.25 

1101101
0100010
0.25 

1110101
0010010
0.25 

0010011
1101010
0.26 

0010101
1101100
0.26 

1010100
0011011
0.26 

1100100
0101011
0.26 

0001101
1101010
0.27 

0010101
1110010
0.27 

0100011
1011010
0.27 

0100101
1011100
0.27 

1000101
0110110
0.27 

1001001
0101110
0.27 

1001001
0111010
0.27 

1010001
0110110
0.27 

1010010
0011101
0.27 

1010100
0100111
0.27 

1011000
0101011
0.27 

1100010
0101101
0.27 

0010101
1100110
0.28 

0011001
1010110
0.28 

0011001
1101010
0.28 

0101001
1100110
0.28 

1001010
0110011
0.28 

1001100
0101011
0.28 

1001100
0110101
0.28 

1010100
0110011
0.28 

0011011
1100100
0.29 

0101001
1001110
0.29 

0101101
0101010
0.29 

0110001
1010110
0.29 

1000110
0110101
0.29 

1001010
0111001
0.29 

1010101
0100101
0.29 

1010101
1010010
0.29 

1011010
0101010
0.29 

1101100
0010011
0.29 

0010111
1101000
0.31 

1110100
0001011
0.31 

0010001
1101110
0.32 

1000100
0111011
0.32 

0001001
1110110
0.33 

0011101
1100010
0.33 

0100111
1011000
0.33 

0110011
1001100
0.33 

1001000
0110111
0.33 

1011100
0100011
0.33 

1100110
0011001
0.33 

1110010
0001101
0.33 

0000101
1111010
0.34 

1010000
0101111
0.34 

0010101
1101001
0.36 

0010110
1101010
0.36 

0100001
1011110
0.36 

0110100
0101011
0.36 

0111001
1000110
0.36 

1000010
0111101
0.36 

1001110
0110001
0.36 

1010100
1001011
0.36 

0100101
1011001
0.37 

0100110
1011010
0.37 

0110010
0101101
0.37 

1010010
1001101
0.37 

0100101
0111010
0.38 

0101001
0110110
0.38 

1000101
1011010
0.38 

1001001
0110101
0.38 

1001001
1010110
0.38 

1001010
0110110
0.38 

1010001
0101101
0.38 

1010010
0101110
0.38 

0010101
1011010
0.45 

0100101
1101010
0.45 

1010010
0101011
0.45 

1010100
0101101
0.45 

0100101
1010110
0.47 

0101001
1011010
0.47 

1001010
0101101
0.47 

1010010
0110101
0.47 

0010100
1101011
0.51 

0010010
1101101
0.52 

0100100
1011011
0.52 

0011010
1010101
0.53 

0101010
1010011
0.53 

0101010
1100101
0.53 

0101100
1010101
0.53 

1001011
0110100
0.54 

1101001
0010110
0.54 

0100110
1010101
0.55 

0101010
1001101
0.55 

0101010
1011001
0.55 

0110010
1010101
0.55 

0110110
1001001
0.57 

1010011
0101100
0.57 

1100101
0011010
0.57 

1001101
0110010
0.6 

1011001
0100110
0.6 

0001010
1110101
0.62 

0100010
1011101
0.62 

0101000
1010111
0.62 

0101110
1010001
0.64 

0111010
1000101
0.64 

0101001
1010101
0.73 

0101010
0110101
0.73 

0101010
1010110
0.73 

1001010
1010101
0.73 

0101101
1010010
1.01 

1011010
0100101
1.01 

0101011
1010100
1.03 

1101010
0010101
1.03 

0110101
1001010
1.06 

1010110
0101001
1.06 

1010101
0101010
2.02 

