100
011
101
-0.97 

101
010
011
-0.97 

101
010
110
-0.97 

101
011
100
-0.97 

101
110
001
-0.97 

110
010
101
-0.97 

011
010
101
-0.97 

001
110
101
-0.97 

010
101
101
-0.73 

101
101
010
-0.73 

110
001
110
-0.73 

011
100
011
-0.73 

101
000
111
-0.65 

101
001
101
-0.65 

101
100
101
-0.65 

111
000
101
-0.65 

010
101
010
-0.59 

100
101
011
-0.33 

110
001
011
-0.33 

011
001
110
-0.33 

110
100
011
-0.33 

110
101
001
-0.33 

001
101
110
-0.33 

011
100
110
-0.33 

011
101
100
-0.33 

100
111
010
-0.32 

010
011
110
-0.32 

010
110
011
-0.32 

010
111
001
-0.32 

010
111
100
-0.32 

110
011
010
-0.32 

011
110
010
-0.32 

001
111
010
-0.32 

010
001
111
-0.24 

100
101
110
-0.24 

010
100
111
-0.24 

001
101
011
-0.24 

110
101
100
-0.24 

111
001
010
-0.24 

011
101
001
-0.24 

111
100
010
-0.24 

100
010
111
-0.19 

100
110
101
-0.19 

101
011
001
-0.19 

001
010
111
-0.19 

001
011
101
-0.19 

101
110
100
-0.19 

111
010
001
-0.19 

111
010
100
-0.19 

010
011
011
-0.18 

010
110
110
-0.18 

110
110
010
-0.18 

011
011
010
-0.18 

110
111
000
-0.18 

000
111
011
-0.18 

000
111
110
-0.18 

011
111
000
-0.18 

100
011
010
-0.14 

010
011
100
-0.14 

010
110
001
-0.14 

001
110
010
-0.14 

100
010
101
-0.13 

101
010
001
-0.13 

001
010
101
-0.13 

101
010
100
-0.13 

100
001
110
-0.1 

010
001
101
-0.1 

010
100
101
-0.1 

101
001
010
-0.1 

101
100
010
-0.1 

001
100
011
-0.1 

110
001
100
-0.1 

011
100
001
-0.1 

000
101
111
-0.09 

011
001
011
-0.09 

110
100
110
-0.09 

111
101
000
-0.09 

010
000
111
-0.07 

010
010
011
-0.07 

100
101
001
-0.07 

010
010
110
-0.07 

100
101
100
-0.07 

100
111
000
-0.07 

101
000
101
-0.07 

110
000
011
-0.07 

011
000
110
-0.07 

110
010
010
-0.07 

001
101
001
-0.07 

011
010
010
-0.07 

001
101
100
-0.07 

111
000
010
-0.07 

000
111
001
-0.07 

000
111
100
-0.07 

001
111
000
-0.07 

100
100
011
-0.06 

001
001
110
-0.06 

110
001
001
-0.06 

011
100
100
-0.06 

010
011
001
-0.05 

100
110
010
-0.05 

001
011
010
-0.05 

010
110
100
-0.05 

000
110
011
-0.05 

110
011
000
-0.05 

000
011
110
-0.05 

011
110
000
-0.05 

100
001
011
-0.04 

001
100
110
-0.04 

011
001
100
-0.04 

110
100
001
-0.04 

000
101
101
-0.03 

101
101
000
-0.03 

011
000
011
-0.03 

110
000
110
-0.03 

100
100
110
-0.01 

001
001
011
-0.01 

000
100
111
-0.01 

011
001
001
-0.01 

110
100
100
-0.01 

000
011
011
-0.01 

000
110
110
-0.01 

011
011
000
-0.01 

110
110
000
-0.01 

111
001
000
-0.01 

000
001
111
-0.01 

111
100
000
-0.01 

100
110
100
0.02 

001
011
001
0.02 

000
010
111
0.02 

111
010
000
0.02 

100
000
111
0.04 

010
001
011
0.04 

001
000
111
0.04 

100
100
101
0.04 

001
001
101
0.04 

101
001
001
0.04 

010
100
110
0.04 

000
101
011
0.04 

101
100
100
0.04 

000
101
110
0.04 

011
001
010
0.04 

110
100
010
0.04 

110
101
000
0.04 

111
000
001
0.04 

111
000
100
0.04 

011
101
000
0.04 

100
010
110
0.05 

001
010
011
0.05 

101
011
000
0.05 

101
110
000
0.05 

110
010
100
0.05 

011
010
001
0.05 

000
110
101
0.05 

000
011
101
0.05 

100
001
101
0.06 

100
110
110
0.06 

101
000
011
0.06 

101
000
110
0.06 

101
001
100
0.06 

101
100
001
0.06 

001
011
011
0.06 

110
000
101
0.06 

011
000
101
0.06 

001
100
101
0.06 

011
011
001
0.06 

110
110
100
0.06 

000
110
111
0.06 

111
011
000
0.06 

000
011
111
0.06 

111
110
000
0.06 

100
010
011
0.07 

100
011
001
0.07 

100
100
111
0.07 

100
110
001
0.07 

001
001
111
0.07 

001
010
110
0.07 

001
011
100
0.07 

110
010
001
0.07 

011
010
100
0.07 

111
001
001
0.07 

001
110
100
0.07 

111
100
100
0.07 

010
011
010
0.13 

010
110
010
0.13 

010
111
000
0.13 

000
111
010
0.13 

100
011
100
0.15 

010
010
101
0.15 

101
010
010
0.15 

001
110
001
0.15 

010
010
111
0.16 

100
111
100
0.16 

111
010
010
0.16 

001
111
001
0.16 

100
110
011
0.18 

001
011
110
0.18 

110
011
001
0.18 

011
110
100
0.18 

010
001
110
0.19 

100
101
010
0.19 

010
100
011
0.19 

010
101
001
0.19 

010
101
100
0.19 

110
001
010
0.19 

001
101
010
0.19 

011
100
010
0.19 

100
001
111
0.26 

101
001
011
0.26 

101
100
110
0.26 

011
001
101
0.26 

001
100
111
0.26 

110
100
101
0.26 

111
001
100
0.26 

111
100
001
0.26 

100
011
011
0.31 

110
110
001
0.31 

011
011
100
0.31 

001
110
110
0.31 

100
101
101
0.33 

101
101
001
0.33 

101
101
100
0.33 

101
111
000
0.33 

110
000
111
0.33 

011
000
111
0.33 

110
010
110
0.33 

011
010
011
0.33 

001
101
101
0.33 

111
000
011
0.33 

111
000
110
0.33 

000
111
101
0.33 

100
111
001
0.34 

010
111
010
0.34 

110
010
011
0.34 

011
010
110
0.34 

001
111
100
0.34 

100
011
110
0.52 

010
011
101
0.52 

101
011
010
0.52 

010
110
101
0.52 

101
110
010
0.52 

110
011
100
0.52 

001
110
011
0.52 

011
110
001
0.52 

010
101
011
0.65 

010
101
110
0.65 

110
101
010
0.65 

011
101
010
0.65 

101
001
110
0.72 

101
100
011
0.72 

110
001
101
0.72 

011
100
101
0.72 

101
010
101
2.96 

